1 3 4 5 8 10 12 -1
2 3 4 5 6 8 12 -1
5 7 8 9 11 12 -1
2 4 5 6 8 11 12 -1
2 3 6 7 -1
2 3 4 6 8 9 10 11 -1
2 3 4 6 7 9 12 -1
1 4 6 7 8 9 10 12 -1
2 3 4 7 8 10 11 -1
1 3 9 12 -1
4 5 6 7 9 -1
1 4 6 8 10 12 -1
3 4 5 6 7 8 11 -1
4 5 6 9 11 -1
1 3 6 7 11 12 -1
2 3 5 7 8 10 11 12 -1
1 2 4 5 6 7 8 9 10 11 12 -1
1 4 5 7 9 11 -1
4 6 7 8 10 11 -1
2 3 6 10 11 -1
1 5 7 10 11 12 -1
3 4 5 7 9 10 11 -1
1 4 5 9 10 11 -1
1 5 7 11 12 -1
1 2 4 6 7 8 9 11 12 -1
2 3 4 6 9 12 -1
4 5 7 9 10 -1
6 7 8 9 10 -1
2 3 8 -1
2 3 5 6 9 10 11 -1
1 3 7 8 9 11 -1
3 4 7 8 11 12 -1
3 8 9 -1
2 3 6 7 8 9 12 -1
3 4 5 6 8 11 -1
3 6 8 9 12 -1
1 2 6 8 9 10 -1
5 7 12 -1
2 3 4 5 6 7 9 11 12 -1
1 2 3 6 7 8 12 -1
2 3 4 9 10 -1
1 2 3 5 8 9 10 11 -1
2 3 4 5 6 8 9 10 12 -1
1 2 3 4 5 6 7 9 10 11 12 -1
1 2 4 7 8 9 10 12 -1
1 2 3 5 7 8 9 10 -1
1 3 5 12 -1
1 2 3 6 9 10 -1
1 2 3 6 7 8 9 10 12 -1
3 5 6 9 10 11 -1
1 2 5 6 7 11 12 -1
2 3 7 8 9 10 12 -1
1 6 7 8 9 10 -1
2 3 4 7 9 10 -1
1 3 4 5 6 11 -1
3 8 9 11 -1
6 7 11 12 -1
2 4 6 7 9 10 -1
1 2 3 4 5 7 9 11 -1
5 7 8 10 -1
1 3 5 6 7 8 9 12 -1
1 3 6 9 10 -1
1 4 6 8 9 10 12 -1
1 2 6 7 8 9 10 11 12 -1
8 9 10 -1
3 7 8 10 11 -1
2 3 5 6 7 8 10 11 -1
3 5 8 9 11 12 -1
2 5 7 12 -1
2 3 5 6 8 9 12 -1
8 12 -1
1 2 3 4 7 9 12 -1
1 2 3 5 6 7 9 -1
1 3 4 5 6 7 8 9 10 11 12 -1
1 3 4 8 9 10 12 -1
3 9 10 12 -1
1 2 5 6 7 9 10 11 12 -1
1 3 4 5 6 9 -1
3 6 7 9 10 -1
3 5 7 8 -1
2 5 9 -1
2 4 5 6 9 10 12 -1
2 3 4 6 7 8 11 -1
1 4 6 7 9 -1
1 4 7 12 -1
1 2 3 8 9 10 -1
3 4 6 8 12 -1
1 2 3 7 8 -1
1 2 7 8 9 11 12 -1
2 6 7 9 10 12 -1
1 3 4 5 9 11 -1
1 3 5 6 7 8 9 12 -1
2 5 8 11 12 -1
2 4 6 7 8 10 12 -1
4 5 7 8 10 -1
3 4 6 7 9 10 12 -1
1 2 3 4 6 7 9 -1
1 9 -1
1 2 3 6 7 8 11 -1
3 4 5 12 -1
1 2 3 4 5 6 7 9 11 12 -1
1 2 3 5 7 9 10 11 -1
1 3 5 7 9 10 -1
1 2 3 9 10 12 -1
1 2 3 4 6 9 10 -1
1 3 5 6 7 8 9 -1
5 7 8 12 -1
3 4 6 11 -1
3 4 6 8 9 11 -1
1 5 7 8 9 11 -1
2 4 6 7 -1
3 4 5 8 9 11 12 -1
1 4 5 7 11 -1
1 5 8 9 11 -1
1 3 4 9 11 12 -1
1 3 4 6 7 10 12 -1
2 4 7 8 10 -1
3 4 5 7 9 10 11 -1
2 6 9 11 12 -1
1 2 3 4 6 7 10 -1
1 2 3 5 6 7 8 -1
1 2 3 4 5 7 8 -1
5 6 7 11 -1
1 4 9 10 12 -1
2 5 6 7 8 9 -1
1 2 5 8 9 11 12 -1
1 2 4 7 8 9 12 -1
1 2 5 6 7 10 11 -1
2 3 4 7 11 12 -1
2 5 7 8 9 12 -1
1 2 5 6 8 9 11 -1
1 4 6 8 9 10 -1
7 9 10 12 -1
1 4 6 7 10 11 12 -1
1 3 6 7 9 10 -1
5 7 8 10 12 -1
1 2 3 6 10 -1
1 2 3 5 6 7 9 10 12 -1
1 2 5 6 8 12 -1
1 3 7 8 12 -1
2 3 5 7 11 12 -1
2 3 4 5 6 8 -1
2 4 11 12 -1
1 2 4 9 11 12 -1
1 2 3 4 8 -1
2 3 4 7 8 9 10 12 -1
1 2 4 5 6 7 8 9 10 11 12 -1
1 2 3 4 5 6 9 10 12 -1
2 6 9 -1
1 2 4 6 7 -1
3 4 6 10 12 -1
1 3 5 6 7 8 9 10 -1
2 3 4 6 9 10 -1
2 6 10 12 -1
1 2 4 6 7 8 11 12 -1
2 3 4 5 6 11 12 -1
2 3 9 10 11 -1
3 4 5 6 8 9 10 11 -1
1 2 6 9 12 -1
2 6 11 -1
1 2 3 4 5 6 7 11 -1
3 4 7 9 12 -1
1 2 3 5 6 8 12 -1
1 5 8 11 -1
2 3 4 5 8 9 11 12 -1
1 4 7 8 9 11 -1
5 7 8 -1
2 3 6 7 8 10 11 -1
2 4 5 8 9 -1
1 2 3 4 5 7 9 10 -1
2 3 4 5 6 7 8 11 12 -1
2 3 4 6 7 8 -1
1 2 4 5 7 11 12 -1
1 6 7 9 10 12 -1
2 4 6 7 8 9 10 -1
5 6 7 8 11 12 -1
2 4 7 -1
1 2 5 6 7 9 -1
1 3 5 6 7 8 10 11 -1
1 3 4 6 8 9 12 -1
3 7 9 10 -1
2 3 7 9 11 12 -1
3 4 6 8 10 11 -1
2 3 4 6 7 10 11 12 -1
3 4 5 6 8 9 10 -1
1 2 3 5 6 8 11 12 -1
1 6 7 9 10 11 -1
4 6 7 10 12 -1
1 2 3 5 7 9 10 11 12 -1
1 2 4 9 12 -1
1 3 4 5 6 7 8 9 10 11 -1
1 4 7 8 9 10 12 -1
4 5 6 9 12 -1
2 4 6 7 12 -1
1 2 3 5 6 7 8 12 -1
1 2 8 -1
3 4 5 6 10 11 12 -1
1 3 9 11 -1
2 3 7 8 9 -1
2 3 4 5 7 9 11 -1
2 5 6 8 9 12 -1
2 4 8 12 -1
1 2 6 7 8 10 11 12 -1
1 3 5 6 8 9 11 -1
1 3 4 5 11 -1
1 6 7 10 11 12 -1
1 2 3 5 6 7 8 10 12 -1
1 2 6 10 12 -1
2 4 5 6 7 11 -1
3 5 7 8 9 11 12 -1
1 3 5 6 9 -1
1 2 3 7 8 10 11 -1
1 2 5 8 9 12 -1
1 4 10 11 -1
1 3 5 6 7 10 11 -1
2 4 7 10 11 12 -1
3 5 7 8 9 -1
2 3 4 5 7 8 11 -1
2 9 10 11 12 -1
4 5 6 7 8 10 -1
7 8 9 -1
1 3 5 7 8 11 -1
1 2 3 9 10 11 -1
1 2 3 6 7 8 9 12 -1
3 4 9 10 -1
2 6 -1
1 2 4 7 10 12 -1
3 8 9 11 -1
4 6 7 9 11 12 -1
2 4 6 9 -1
2 5 6 7 9 10 11 -1
1 8 9 10 11 12 -1
6 8 12 -1
2 3 5 6 8 9 -1
6 -1
1 2 6 8 9 11 12 -1
1 5 7 9 12 -1
5 6 7 8 10 11 12 -1
1 2 5 7 11 12 -1
3 6 8 11 12 -1
1 6 7 8 11 -1
2 5 6 11 12 -1
1 2 6 7 8 9 12 -1
3 4 6 7 8 10 -1
1 4 6 9 12 -1
1 3 4 5 6 7 11 -1
3 4 7 8 11 12 -1
2 3 4 9 11 12 -1
2 3 5 6 7 9 10 11 -1
1 2 4 5 6 7 8 9 10 11 12 -1
3 7 9 10 11 12 -1
5 6 10 -1
2 3 7 8 11 12 -1
1 4 6 9 10 12 -1
2 4 5 6 7 9 10 -1
1 2 3 5 8 9 12 -1
1 2 3 4 7 8 10 12 -1
3 5 6 8 9 10 12 -1
1 6 7 8 10 11 12 -1
1 6 7 8 9 10 11 -1
1 2 3 6 7 8 9 -1
1 2 3 5 6 7 8 9 11 12 -1
1 3 7 8 9 11 12 -1
2 3 4 5 6 7 8 9 10 11 12 -1
2 5 6 8 10 11 -1
1 3 4 5 8 11 -1
2 3 5 6 7 9 10 -1
2 4 6 7 11 12 -1
1 3 4 5 8 9 10 12 -1
1 2 3 4 5 9 11 -1
1 4 7 9 -1
1 7 8 9 10 11 -1
1 2 3 5 10 12 -1
1 3 6 8 9 -1
1 5 6 7 11 12 -1
4 5 6 9 11 -1
4 5 6 12 -1
1 4 5 10 11 12 -1
4 6 9 12 -1
3 11 -1
1 4 5 7 8 10 11 12 -1
1 2 4 6 10 12 -1
1 3 5 9 10 -1
1 2 3 6 8 -1
2 3 6 7 10 -1
2 3 4 5 6 11 12 -1
1 2 3 4 8 9 11 -1
2 5 7 8 11 12 -1
1 2 5 6 9 -1
2 3 5 6 9 10 -1
1 2 6 7 9 10 -1
1 2 3 4 5 7 9 10 11 12 -1
1 3 4 5 7 8 11 12 -1
3 4 9 10 11 12 -1
1 2 4 5 6 7 10 12 -1
4 9 10 -1
1 4 9 10 12 -1
2 4 5 10 11 12 -1
1 2 3 5 8 10 -1
1 2 4 6 8 10 -1
1 2 7 10 11 12 -1
1 5 6 8 10 -1
1 2 3 4 9 10 12 -1
1 3 4 5 6 9 10 -1
2 3 5 7 10 12 -1
1 2 3 8 11 -1
1 5 6 7 9 10 11 12 -1
1 4 8 -1
1 2 4 5 7 11 -1
4 5 6 7 8 10 11 -1
6 7 8 11 12 -1
2 -1
4 5 6 8 -1
1 2 4 5 7 8 10 -1
1 3 5 7 11 -1
2 7 8 11 -1
7 9 11 -1
1 2 4 5 7 10 -1
2 3 5 6 11 12 -1
1 3 5 6 7 9 11 12 -1
2 3 5 6 8 9 11 -1
3 5 7 8 10 11 12 -1
1 3 5 6 7 8 12 -1
2 3 4 6 9 10 11 12 -1
2 5 6 11 12 -1
1 2 3 9 10 -1
1 2 5 8 12 -1
2 4 5 7 8 9 -1
1 2 4 5 6 7 12 -1
5 6 8 12 -1
2 3 6 8 9 10 -1
2 6 10 11 12 -1
2 3 4 5 6 7 9 11 12 -1
2 3 4 8 -1
1 2 3 7 8 9 12 -1
2 4 6 7 8 10 11 12 -1
1 2 3 6 10 12 -1
1 4 6 8 9 11 -1
3 6 10 -1
1 2 4 5 6 7 8 9 10 -1
2 3 9 10 11 -1
2 4 5 10 12 -1
2 4 5 -1
6 8 9 -1
1 3 4 5 9 10 12 -1
3 8 10 12 -1
1 4 5 8 9 10 11 -1
1 2 4 5 8 9 11 12 -1
1 5 6 7 8 9 10 12 -1
4 6 8 9 10 11 12 -1
4 5 6 7 -1
1 2 3 4 5 8 9 10 11 12 -1
1 2 3 4 8 9 -1
6 8 9 -1
2 4 6 10 11 12 -1
2 4 6 9 10 11 12 -1
2 3 4 5 6 9 11 12 -1
3 6 12 -1
4 5 6 7 -1
2 4 5 7 8 10 -1
3 4 5 6 11 -1
2 3 4 6 7 -1
1 4 6 8 10 -1
1 2 9 10 12 -1
1 6 7 10 -1
1 3 4 7 10 12 -1
1 2 4 5 7 11 12 -1
3 7 8 9 10 12 -1
1 5 6 7 8 12 -1
4 6 7 10 11 -1
1 5 8 9 -1
1 6 8 9 -1
5 7 10 -1
2 4 5 8 12 -1
1 4 5 6 7 8 12 -1
3 7 9 10 12 -1
2 3 4 6 10 11 12 -1
1 3 4 5 7 8 10 -1
2 3 4 5 7 10 11 -1
8 9 10 11 -1
1 2 3 6 7 9 10 12 -1
1 2 3 8 9 10 12 -1
1 3 5 6 7 8 11 -1
2 6 7 10 12 -1
2 3 4 6 7 11 12 -1
3 5 6 7 8 12 -1
1 3 5 8 10 11 -1
1 3 4 5 7 8 9 -1
2 5 6 8 9 11 12 -1
2 5 7 8 9 10 -1
2 4 11 -1
2 3 4 5 6 9 10 11 12 -1
4 11 12 -1
1 2 3 6 8 9 12 -1
2 3 4 5 7 8 9 10 12 -1
4 6 9 -1
1 2 3 5 7 8 10 11 12 -1
2 7 8 9 -1
1 4 9 12 -1
1 3 4 6 -1
1 9 10 12 -1
3 7 9 11 -1
2 6 7 8 9 10 -1
1 5 8 9 -1
1 2 6 9 10 12 -1
3 5 6 8 10 -1
9 10 11 -1
1 3 5 6 10 12 -1
1 2 4 6 7 8 9 11 -1
2 5 6 9 10 12 -1
1 3 4 7 8 9 11 -1
1 2 3 5 7 8 10 11 12 -1
1 2 3 4 5 9 12 -1
2 3 5 7 9 11 -1
1 3 4 6 7 8 10 12 -1
1 2 9 10 11 -1
3 4 5 -1
1 4 5 6 7 11 -1
2 3 4 5 8 9 10 -1
2 3 5 6 7 9 10 -1
1 3 4 6 10 -1
2 3 5 8 9 10 -1
1 6 7 8 9 10 11 12 -1
2 3 4 5 7 8 9 12 -1
1 6 7 9 10 12 -1
3 5 7 9 10 11 -1
1 2 4 5 8 9 10 11 -1
4 6 7 8 10 11 12 -1
1 4 6 7 8 9 12 -1
1 2 4 6 7 12 -1
1 4 5 7 8 9 10 12 -1
1 3 7 9 11 12 -1
1 2 5 7 8 9 12 -1
1 4 10 12 -1
4 6 7 9 10 11 -1
2 3 4 8 10 -1
1 2 3 5 6 8 11 12 -1
4 5 6 10 -1
2 6 7 11 -1
3 4 6 7 8 9 10 12 -1
1 3 7 9 10 11 12 -1
1 2 4 6 9 -1
1 2 3 5 8 9 11 12 -1
4 6 7 8 9 10 11 12 -1
1 2 5 7 8 10 11 -1
2 3 4 5 6 7 8 9 10 11 -1
1 6 8 9 12 -1
1 2 4 5 8 -1
1 3 6 7 10 11 -1
1 2 3 4 5 10 12 -1
3 6 8 -1
1 4 5 6 7 8 10 -1
2 3 5 6 8 10 11 12 -1
1 4 6 7 8 11 -1
2 3 4 5 7 8 9 12 -1
5 7 -1
2 9 11 12 -1
5 7 8 9 10 11 12 -1
2 3 5 6 9 10 12 -1
1 2 4 6 10 11 12 -1
3 4 6 8 11 -1
5 6 7 8 9 10 11 12 -1
1 2 4 5 7 8 9 11 12 -1
1 4 5 8 10 11 -1
1 2 5 6 9 10 -1
1 2 5 10 12 -1
1 3 6 8 11 -1
3 4 5 6 7 8 11 -1
3 5 6 8 11 12 -1
1 5 8 10 -1
1 11 -1
2 3 4 5 8 11 12 -1
1 3 5 6 8 9 10 11 -1
1 4 6 9 10 11 12 -1
4 7 8 11 -1
1 3 4 5 6 7 8 9 11 -1
2 3 4 6 7 9 10 11 -1
2 3 5 6 8 11 -1
1 2 3 4 5 10 11 -1
3 6 11 -1
2 3 9 12 -1
1 3 4 6 8 10 11 -1
1 2 3 10 12 -1
2 3 6 8 9 11 12 -1
1 2 4 5 8 11 -1
2 4 5 8 -1
1 4 6 7 11 -1
3 7 8 10 11 12 -1
2 3 6 7 8 10 11 12 -1
1 2 3 5 9 11 -1
1 3 4 7 11 12 -1
2 4 5 9 10 11 12 -1
3 4 6 7 8 10 11 -1
3 4 5 8 10 11 12 -1
1 2 4 6 9 -1
3 5 6 7 8 9 11 12 -1
1 2 3 4 7 9 10 11 12 -1
1 2 -1
6 7 8 11 12 -1
3 7 8 11 -1
1 3 4 5 -1
1 2 4 8 10 11 -1
2 4 5 8 9 10 -1
2 3 5 6 7 9 12 -1
4 8 -1
3 4 9 10 11 -1
1 7 8 9 -1
1 3 4 7 8 9 -1
2 4 7 8 12 -1
1 3 6 9 11 -1
1 2 3 9 10 -1
1 10 12 -1
1 2 7 8 9 10 12 -1
1 2 4 9 11 -1
1 5 8 12 -1
1 2 12 -1
1 3 5 6 8 11 -1
1 3 5 6 7 12 -1
1 2 4 5 8 9 11 -1
3 5 6 8 9 10 11 12 -1
2 3 4 8 9 10 12 -1
1 2 7 10 -1
2 3 6 7 8 9 12 -1
2 6 7 9 10 12 -1
1 3 5 8 9 10 -1
1 2 3 7 8 9 11 12 -1
3 4 5 8 11 12 -1
2 3 5 8 9 12 -1
3 4 7 10 12 -1
1 3 8 11 -1
2 4 7 12 -1
2 3 4 6 7 12 -1
1 4 6 9 12 -1
1 4 5 9 11 -1
2 5 7 9 12 -1
1 4 5 6 10 12 -1
1 4 5 6 7 8 10 -1
1 4 6 10 11 12 -1
5 9 11 -1
4 7 9 11 12 -1
1 3 5 6 9 11 -1
1 3 7 8 9 12 -1
1 6 12 -1
1 5 7 9 11 12 -1
1 2 3 5 6 10 11 -1
2 3 5 8 10 11 -1
2 4 5 7 8 9 12 -1
2 3 7 8 12 -1
3 4 6 7 -1
2 3 6 7 11 12 -1
1 4 5 7 8 9 -1
1 3 6 9 12 -1
1 2 6 7 12 -1
2 3 -1
1 2 3 5 6 8 9 10 11 -1
1 2 4 7 8 11 12 -1
3 7 8 9 12 -1
2 8 9 10 11 12 -1
1 7 8 10 12 -1
1 2 3 4 9 -1
2 3 9 10 -1
1 3 5 8 9 10 -1
1 3 4 7 8 9 10 11 -1
2 4 5 6 7 10 11 12 -1
1 2 3 4 6 7 11 12 -1
2 10 11 12 -1
2 3 6 10 11 12 -1
1 2 3 4 5 6 10 -1
1 2 3 4 7 8 10 12 -1
3 4 9 11 12 -1
3 7 8 11 -1
1 2 3 4 6 10 11 12 -1
3 6 7 10 11 -1
2 5 7 9 12 -1
4 6 7 10 11 -1
1 3 4 6 10 11 12 -1
4 5 7 9 10 11 12 -1
1 2 4 6 8 11 -1
3 5 8 9 10 11 -1
4 7 9 10 -1
1 2 4 6 10 11 12 -1
2 3 5 8 9 10 -1
2 5 6 7 10 -1
1 4 6 9 11 -1
1 3 4 7 9 11 12 -1
1 3 4 5 6 9 10 11 -1
1 3 4 5 7 10 11 -1
2 3 4 5 7 8 11 -1
2 9 10 11 -1
1 2 3 6 10 -1
1 3 8 9 10 -1
3 4 9 -1
1 2 3 11 12 -1
5 7 8 9 11 -1
5 6 8 10 11 12 -1
1 3 4 6 7 8 9 10 11 12 -1
2 5 9 -1
3 7 9 10 -1
2 3 4 6 8 9 10 11 -1
4 5 7 8 9 10 11 12 -1
4 5 7 9 10 12 -1
1 2 3 6 7 8 9 -1
1 3 5 6 8 9 11 12 -1
2 4 5 7 9 10 11 -1
4 8 9 10 12 -1
1 2 3 4 5 6 7 10 12 -1
1 4 5 8 9 11 12 -1
1 2 3 4 5 7 9 11 12 -1
3 10 11 -1
4 6 7 9 11 -1
1 5 7 8 9 10 12 -1
1 2 3 6 9 -1
1 2 6 7 8 11 12 -1
1 2 3 5 6 7 10 11 12 -1
2 4 9 11 12 -1
3 5 10 12 -1
1 5 6 7 8 9 11 12 -1
2 3 5 9 10 11 -1
7 8 10 11 12 -1
1 2 3 5 7 11 -1
1 2 6 7 9 10 12 -1
1 3 6 10 -1
2 3 9 11 -1
3 5 6 7 8 10 11 12 -1
3 5 6 7 9 -1
1 4 5 7 8 11 12 -1
2 3 4 9 11 12 -1
3 4 5 6 10 11 12 -1
1 2 3 4 6 11 12 -1
1 3 6 7 8 12 -1
5 7 -1
1 2 3 5 6 7 9 10 -1
1 2 3 4 7 9 12 -1
1 4 5 7 8 9 10 11 -1
2 4 5 6 9 11 12 -1
2 4 5 9 11 -1
1 2 3 6 7 9 -1
1 5 8 9 11 -1
1 3 5 12 -1
3 4 8 9 -1
1 4 5 6 7 9 10 -1
1 2 3 5 6 7 8 9 10 11 -1
2 3 4 8 9 11 -1
1 2 4 6 10 -1
1 3 5 6 7 11 -1
1 2 6 8 10 11 12 -1
2 3 6 7 8 9 10 12 -1
2 3 6 7 8 9 12 -1
3 4 10 11 12 -1
1 4 5 6 7 8 12 -1
3 4 5 6 7 8 10 11 -1
3 5 7 8 9 12 -1
1 2 3 7 10 -1
4 5 6 7 8 9 10 12 -1
2 4 5 8 11 -1
2 3 4 6 7 8 9 10 12 -1
1 5 6 11 -1
1 4 6 7 11 12 -1
2 6 7 8 9 12 -1
1 3 5 6 7 8 9 -1
1 3 5 6 12 -1
1 4 5 6 7 8 10 -1
3 6 7 -1
1 5 6 7 8 9 11 12 -1
1 3 4 5 6 7 10 -1
1 2 4 6 7 10 12 -1
1 2 3 4 8 11 -1
2 6 8 9 10 11 -1
2 4 6 7 9 11 12 -1
4 7 9 -1
2 4 6 7 8 11 12 -1
1 6 7 9 11 12 -1
2 3 7 8 9 10 -1
1 5 6 9 11 12 -1
4 7 8 9 -1
2 3 5 8 9 -1
1 3 5 8 11 12 -1
3 6 8 9 12 -1
2 5 8 9 12 -1
2 3 4 5 7 8 12 -1
2 3 4 5 6 10 -1
1 2 4 5 6 10 11 -1
1 3 5 7 8 9 -1
2 4 6 9 12 -1
3 6 9 11 -1
1 5 6 7 11 12 -1
1 5 7 8 9 10 -1
2 3 4 8 10 11 -1
2 4 5 7 10 11 12 -1
2 3 4 6 10 -1
1 2 4 5 8 9 10 -1
1 2 3 5 8 10 11 -1
2 3 4 8 11 12 -1
3 5 6 8 9 10 11 12 -1
2 7 8 9 10 -1
3 4 5 6 9 10 12 -1
1 2 4 5 6 9 10 -1
1 3 7 10 11 -1
3 6 8 9 11 -1
2 3 4 5 6 7 11 -1
3 4 5 6 9 10 11 -1
1 2 3 5 6 7 9 11 -1
4 5 10 -1
1 3 5 11 -1
4 5 6 7 8 10 12 -1
4 7 8 10 -1
2 10 11 12 -1
1 3 4 7 9 10 11 12 -1
1 2 3 5 6 8 10 11 12 -1
1 3 4 7 8 9 10 12 -1
1 8 10 12 -1
4 5 6 7 -1
1 3 5 9 11 12 -1
2 3 6 7 8 9 11 12 -1
3 5 7 10 12 -1
4 5 6 10 11 12 -1
2 5 7 8 9 10 -1
1 2 4 6 11 12 -1
1 3 5 7 9 12 -1
1 5 10 11 -1
3 5 6 8 9 11 12 -1
2 3 -1
1 2 4 8 9 10 -1
3 6 7 8 9 10 -1
1 6 10 11 12 -1
1 2 5 8 12 -1
2 5 9 10 11 12 -1
2 6 7 9 10 -1
2 4 10 11 12 -1
1 2 4 6 9 10 11 -1
2 4 5 6 8 9 -1
1 3 4 5 8 9 10 -1
2 8 9 10 11 -1
1 2 4 7 8 9 12 -1
1 2 3 6 7 8 9 -1
2 6 11 -1
1 2 3 7 8 10 -1
7 9 10 -1
2 3 4 6 8 12 -1
2 3 7 8 -1
1 3 4 5 7 9 11 -1
2 3 6 9 10 11 -1
2 8 -1
5 8 10 -1
1 2 3 5 6 8 11 12 -1
1 3 8 10 11 -1
2 5 7 9 -1
1 2 5 6 8 10 11 12 -1
1 6 11 12 -1
1 4 5 8 9 11 12 -1
2 3 5 6 7 -1
1 2 3 5 6 8 9 12 -1
1 6 9 10 11 12 -1
2 3 5 7 9 10 11 12 -1
6 7 8 9 10 12 -1
1 2 4 5 8 9 -1
3 5 6 8 9 10 11 -1
11 12 -1
1 2 3 7 8 10 11 12 -1
3 4 5 9 12 -1
1 3 4 5 6 9 12 -1
4 5 8 10 11 -1
2 4 6 7 8 9 10 -1
1 2 5 6 9 11 -1
4 7 -1
1 2 3 4 5 7 9 11 12 -1
2 3 4 6 9 10 12 -1
7 10 11 12 -1
1 2 5 9 10 11 12 -1
1 9 11 -1
4 5 7 8 10 11 12 -1
2 4 5 6 7 10 11 -1
4 8 10 -1
1 2 4 5 7 8 9 10 11 12 -1
1 4 5 12 -1
1 3 4 5 8 12 -1
3 6 8 9 10 11 12 -1
1 2 8 10 11 12 -1
1 3 4 5 6 7 10 11 -1
5 6 8 9 -1
3 4 6 7 12 -1
2 5 6 7 9 10 11 12 -1
1 2 3 6 -1
1 2 4 5 6 7 10 -1
2 3 5 7 9 12 -1
5 7 -1
1 2 8 10 11 12 -1
2 3 9 11 -1
1 4 6 7 8 -1
4 6 8 11 -1
2 3 4 7 11 12 -1
1 2 3 4 5 6 11 12 -1
4 5 8 9 10 11 -1
2 4 5 8 9 12 -1
1 2 7 8 9 -1
6 9 -1
6 12 -1
4 6 11 -1
2 3 5 6 7 10 11 12 -1
2 4 5 9 10 12 -1
5 6 7 8 9 11 12 -1
2 3 4 9 11 12 -1
1 3 5 6 8 10 12 -1
2 3 6 7 11 -1
1 4 5 7 8 12 -1
3 5 6 7 -1
2 3 9 10 12 -1
1 2 4 5 7 9 12 -1
1 3 5 8 10 11 12 -1
5 7 8 9 10 11 12 -1
3 4 9 -1
1 3 4 6 7 8 10 11 -1
1 2 3 4 9 12 -1
1 2 3 5 6 12 -1
2 5 7 9 11 12 -1
1 5 6 10 -1
1 2 3 6 7 9 10 11 -1
1 2 3 6 8 9 10 -1
2 3 4 6 7 9 12 -1
2 5 7 9 11 12 -1
1 3 4 5 6 8 10 11 12 -1
1 5 8 12 -1
2 4 5 7 8 11 12 -1
1 2 3 8 9 -1
1 4 7 8 9 11 12 -1
3 7 9 10 -1
1 2 3 4 5 7 8 10 11 12 -1
4 6 7 8 9 11 -1
2 4 6 10 11 -1
3 7 9 10 -1
1 3 4 7 8 10 -1
4 7 9 11 12 -1
1 4 6 7 9 11 12 -1
1 4 6 10 11 12 -1
1 2 6 8 10 12 -1
3 4 6 7 9 10 12 -1
1 7 8 9 12 -1
3 10 11 12 -1
1 3 10 -1
1 4 5 6 8 10 -1
1 7 8 9 12 -1
4 6 8 10 12 -1
2 5 8 10 11 12 -1
1 5 9 12 -1
1 3 7 9 11 12 -1
1 2 3 7 8 9 10 12 -1
1 3 4 9 10 11 12 -1
3 7 8 11 12 -1
1 2 3 6 7 9 10 11 -1
3 4 10 12 -1
3 6 7 8 12 -1
4 6 10 11 12 -1
1 2 3 5 12 -1
1 3 5 6 8 11 -1
2 4 10 12 -1
2 3 5 8 9 10 11 -1
6 7 8 12 -1
3 7 9 10 11 -1
1 2 3 5 6 7 9 10 -1
1 3 4 6 7 10 11 -1
1 2 3 7 10 11 12 -1
2 3 8 11 12 -1
2 3 6 7 8 -1
1 2 3 4 6 8 11 12 -1
4 8 9 12 -1
1 2 3 4 5 10 12 -1
1 2 4 5 10 11 12 -1
4 6 7 10 -1
1 3 4 6 8 10 -1
1 2 4 7 12 -1
1 4 5 8 9 10 12 -1
1 2 3 8 9 11 -1
1 3 4 5 6 7 10 12 -1
2 3 4 5 6 9 12 -1
2 5 8 9 10 -1
1 3 4 7 9 11 -1
3 4 5 6 7 8 -1
3 4 9 10 12 -1
3 4 5 6 8 10 11 12 -1
3 4 6 8 11 -1
1 2 3 5 6 7 8 9 10 11 -1
1 2 5 7 10 12 -1
3 7 8 9 10 12 -1
3 5 7 8 11 12 -1
2 4 7 8 11 12 -1
2 3 6 7 8 9 12 -1
1 3 6 8 12 -1
4 8 10 11 -1
1 2 9 10 12 -1
4 6 8 9 10 -1
1 3 6 7 8 9 10 12 -1
2 4 5 7 8 9 10 11 -1
1 2 3 5 6 11 12 -1
1 3 6 9 -1
1 2 3 5 6 12 -1
2 4 5 6 10 11 -1
1 3 4 6 7 9 10 -1
2 3 4 9 10 12 -1
1 4 6 9 10 11 -1
4 5 6 9 10 11 -1
1 4 5 6 8 9 10 11 -1
2 6 7 8 9 11 12 -1
3 9 10 11 -1
5 6 9 11 -1
1 2 3 4 5 6 7 9 10 12 -1
4 6 -1
3 4 5 7 8 10 11 -1
6 -1
3 5 6 7 8 11 12 -1
3 8 10 11 12 -1
3 6 7 8 11 12 -1
1 2 5 6 8 10 -1
1 2 3 6 7 8 9 11 -1
3 4 5 6 10 11 -1
1 2 3 4 8 11 -1
5 6 11 12 -1
4 5 6 7 8 9 10 11 12 -1
7 9 10 11 12 -1
1 2 8 -1
3 4 5 6 7 8 9 12 -1
2 7 8 -1
3 5 7 10 11 -1
2 3 4 5 6 7 9 12 -1
3 6 7 10 11 12 -1
1 2 3 6 8 9 -1
4 6 7 8 11 -1
2 3 4 6 7 8 9 12 -1
4 6 8 9 10 -1
1 2 3 4 6 8 9 12 -1
1 2 3 4 6 8 10 11 -1
2 3 5 9 11 -1
2 3 4 5 7 8 9 -1
2 3 5 12 -1
1 2 3 6 7 8 -1
6 9 11 -1
4 6 8 9 12 -1
2 6 7 8 9 11 -1
2 3 4 5 12 -1
3 4 5 8 10 -1
1 3 4 5 6 7 8 9 10 -1
3 5 6 8 -1
2 5 7 9 10 -1
1 3 5 7 11 -1
2 3 5 7 10 11 -1
2 3 4 6 8 9 10 12 -1
1 2 3 5 11 12 -1
1 4 5 6 10 11 12 -1
3 5 6 7 8 10 -1
1 4 5 6 7 9 10 12 -1
2 3 4 6 8 11 12 -1
1 2 3 4 6 7 11 -1
1 2 3 4 5 7 9 11 12 -1
6 8 11 12 -1
3 4 6 7 11 12 -1
3 4 5 6 7 9 10 11 12 -1
1 3 7 9 11 -1
1 2 7 9 10 -1
2 3 4 5 7 11 12 -1
5 9 10 12 -1
1 5 6 7 8 9 11 12 -1
1 5 6 7 8 9 -1
3 10 11 -1
5 6 7 8 10 11 12 -1
1 2 3 6 7 10 -1
1 2 6 11 12 -1
3 6 7 8 9 12 -1
1 4 5 7 8 11 -1
1 3 4 7 8 9 10 11 12 -1
4 5 6 9 -1
1 4 10 12 -1
1 2 6 8 10 12 -1
2 4 8 10 11 12 -1
1 2 3 4 5 10 11 12 -1
2 4 5 6 8 11 -1
1 5 12 -1
2 6 7 8 9 10 -1
2 3 4 6 8 9 12 -1
4 9 11 -1
1 3 4 7 8 9 10 -1
1 2 4 5 11 12 -1
1 2 6 7 10 11 -1
1 2 4 5 6 7 11 12 -1
2 4 8 9 -1
2 6 -1
2 5 6 9 11 12 -1
5 6 8 11 12 -1
3 4 6 7 8 9 10 11 12 -1
1 2 6 11 12 -1
1 6 7 8 9 10 -1
1 3 6 8 -1
1 3 4 5 6 7 9 10 11 -1
2 3 7 8 9 12 -1
1 6 7 9 10 -1
2 3 4 8 9 -1
2 4 7 11 12 -1
1 5 10 12 -1
3 6 7 8 9 10 11 -1
1 6 8 -1
1 2 4 5 7 8 9 -1
2 3 4 9 11 -1
2 4 5 7 9 -1
1 2 6 12 -1
2 5 6 11 -1
1 3 4 8 10 -1
2 3 4 5 8 9 10 12 -1
3 4 5 6 9 -1
5 6 7 8 12 -1
1 2 3 5 6 9 10 11 12 -1
1 7 8 11 12 -1
1 3 4 5 9 10 11 -1
1 2 5 9 11 -1
2 3 5 6 8 10 12 -1
1 2 4 5 9 10 11 12 -1
2 5 6 8 9 10 -1
1 3 4 9 10 12 -1
1 3 8 9 11 -1
2 5 9 11 12 -1
1 4 5 9 10 11 -1
2 3 4 8 9 11 12 -1
1 3 5 -1
1 4 6 7 9 12 -1
2 6 7 8 11 12 -1
1 3 5 11 12 -1
4 6 7 8 11 -1
2 3 6 7 8 10 12 -1
1 2 3 6 12 -1
1 2 5 8 9 12 -1
1 2 3 5 7 9 10 11 12 -1
2 4 8 11 -1
1 9 12 -1
3 4 5 6 7 10 11 12 -1
2 8 9 12 -1
2 5 7 9 10 11 -1
4 6 9 10 12 -1
2 3 4 5 7 9 10 11 12 -1
3 4 6 7 8 -1
2 4 5 6 8 -1
2 5 6 7 8 -1
6 10 -1
2 3 4 5 7 8 11 12 -1
2 3 4 7 12 -1
1 2 4 7 8 9 10 11 -1
5 8 -1
4 5 6 10 12 -1
1 4 5 6 8 10 -1
2 5 9 10 11 -1
1 3 4 5 6 8 9 10 11 12 -1
1 2 6 9 11 -1
1 2 3 4 5 9 10 12 -1
2 4 10 -1
1 2 3 5 6 7 9 -1
1 3 5 6 7 12 -1
2 3 5 7 9 10 11 -1
1 2 3 6 -1
1 5 6 7 10 11 12 -1
1 2 5 7 10 -1
1 2 4 5 6 8 9 11 -1
2 9 10 11 -1
1 4 8 11 -1
2 3 4 6 10 11 12 -1
1 3 4 5 7 8 9 10 11 12 -1
2 3 4 7 10 12 -1
2 4 5 8 12 -1
2 4 5 6 7 9 11 12 -1
1 2 4 6 7 8 10 11 -1
2 3 9 10 12 -1
1 2 8 9 10 11 -1
4 6 7 8 9 10 11 12 -1
1 2 4 -1
2 6 10 11 12 -1
2 4 7 8 9 10 -1
2 6 7 10 11 -1
4 5 7 8 9 10 11 12 -1
1 3 4 6 -1
3 5 6 9 10 11 12 -1
3 4 6 7 9 10 11 -1
2 4 6 8 9 11 -1
7 9 12 -1
1 4 5 6 7 9 -1
1 3 4 5 6 7 8 11 -1
1 2 3 4 5 8 10 11 -1
2 7 9 11 -1
2 8 9 12 -1
2 3 7 8 10 11 -1
4 5 6 9 10 12 -1
1 2 5 6 9 10 11 12 -1
3 5 6 7 10 11 12 -1
1 5 7 11 -1
2 4 6 7 11 -1
1 4 6 7 8 9 10 12 -1
3 9 10 -1
1 2 3 4 5 7 10 -1
1 4 5 6 9 10 11 -1
5 6 11 12 -1
2 4 6 8 9 12 -1
1 2 3 4 7 8 11 -1
1 3 4 6 10 -1
4 6 11 12 -1
4 10 11 -1
3 5 6 7 8 11 -1
2 3 5 6 10 12 -1
1 3 4 5 8 11 -1
2 3 5 7 8 10 -1
2 4 8 9 10 11 -1
4 5 7 8 9 10 12 -1
1 2 6 8 12 -1
1 2 3 5 6 7 8 9 11 12 -1
4 5 6 7 8 10 11 12 -1
1 2 3 7 9 10 11 -1
6 7 8 9 11 12 -1
1 3 6 8 10 11 12 -1
1 2 3 4 7 9 10 11 -1
3 -1
1 6 7 9 10 11 -1
1 2 4 5 7 11 12 -1
1 2 3 4 5 9 11 -1
4 5 7 8 12 -1
2 3 4 8 11 -1
1 2 3 10 -1
3 6 7 8 9 10 12 -1
2 3 6 8 12 -1
2 3 7 8 11 -1
2 4 5 6 7 8 -1
1 7 8 9 10 -1
1 2 3 4 5 6 9 10 11 -1
3 5 6 7 8 10 12 -1
4 5 7 8 10 11 -1
4 5 6 7 8 10 -1
1 2 3 5 6 7 8 9 11 12 -1
1 2 3 4 6 7 9 10 12 -1
1 3 5 6 8 9 10 11 12 -1
1 2 4 8 9 11 12 -1
1 2 4 5 6 9 10 11 12 -1
1 2 4 5 10 11 -1
1 4 6 7 8 10 11 -1
1 3 8 9 10 -1
1 3 5 8 9 12 -1
1 2 3 5 11 -1
2 4 5 8 9 11 12 -1
2 3 5 6 7 8 9 10 12 -1
1 2 5 6 7 8 9 10 11 -1
3 7 8 10 11 -1
1 2 3 7 9 10 12 -1
1 2 5 7 8 10 12 -1
2 3 5 -1
1 6 7 9 11 12 -1
1 3 5 6 7 9 -1
1 2 4 6 8 9 10 11 -1
2 6 7 8 11 -1
1 2 8 10 11 -1
2 3 4 6 8 9 11 12 -1
2 3 5 6 8 10 12 -1
9 -1
1 5 6 7 8 10 -1
2 3 4 9 10 12 -1
1 2 3 4 5 6 11 12 -1
1 2 3 7 8 9 10 -1
1 2 3 5 7 9 10 12 -1
4 6 11 12 -1
2 6 7 9 -1
3 4 5 6 7 10 11 12 -1
4 5 7 9 -1
1 4 6 7 8 10 11 -1
1 4 5 7 9 10 -1
1 2 4 5 6 7 8 9 10 11 -1
1 2 3 4 7 8 10 11 -1
3 4 5 6 7 8 9 12 -1
1 2 3 4 5 9 10 11 -1
1 6 7 8 9 11 12 -1
3 5 7 8 9 12 -1
1 3 4 6 7 10 11 12 -1
1 4 5 6 7 8 11 -1
1 3 4 5 8 9 12 -1
1 6 8 9 10 11 -1
1 5 6 11 -1
3 4 7 10 12 -1
3 5 7 8 10 11 -1
2 3 4 5 7 10 12 -1
1 2 3 5 7 9 11 12 -1
4 5 6 10 -1
2 5 10 11 12 -1
1 5 6 7 9 12 -1
1 3 6 9 11 12 -1
1 2 4 6 10 12 -1
4 7 9 10 12 -1
1 5 6 11 12 -1
1 3 4 5 7 8 9 11 -1
1 2 8 9 -1
3 7 9 10 11 -1
1 2 8 9 10 12 -1
3 4 5 6 8 10 -1
4 5 8 11 -1
3 6 10 -1
2 4 6 7 8 9 11 12 -1
1 2 6 8 11 -1
2 4 6 8 12 -1
1 4 5 6 8 9 10 11 12 -1
4 6 8 9 10 -1
5 6 7 9 12 -1
2 3 4 7 8 9 10 12 -1
1 4 5 6 7 9 10 -1
3 9 10 12 -1
1 2 3 5 6 10 11 -1
2 3 6 7 8 10 11 -1
2 3 4 7 9 11 -1
3 4 5 6 10 11 -1
1 2 3 4 5 6 8 10 11 12 -1
5 6 9 11 12 -1
1 4 5 6 9 11 -1
1 2 3 5 7 8 9 10 11 -1
1 3 4 5 6 7 9 10 -1
1 10 12 -1
1 3 6 7 8 11 12 -1
1 3 5 6 7 -1
2 3 6 9 11 12 -1
1 3 4 5 8 9 -1
2 3 7 9 11 12 -1
1 4 5 6 7 9 12 -1
1 2 5 6 7 10 12 -1
1 2 8 11 12 -1
4 6 7 11 -1
1 6 7 8 10 -1
1 2 6 9 -1
2 3 5 7 9 10 12 -1
3 4 5 6 9 10 11 12 -1
1 2 3 4 6 9 10 11 -1
3 8 12 -1
1 2 4 6 9 11 12 -1
1 2 3 4 5 7 8 9 10 12 -1
1 2 4 5 6 8 10 12 -1
3 4 5 6 7 8 12 -1
1 2 3 5 7 9 11 -1
1 3 4 5 6 7 10 11 12 -1
5 8 12 -1
2 3 4 6 7 8 9 -1
5 8 9 12 -1
1 4 5 7 8 10 11 -1
5 6 7 9 10 11 -1
2 5 7 8 9 11 -1
1 6 7 8 10 11 -1
4 6 8 11 -1
1 3 5 6 7 9 10 11 -1
3 5 6 7 9 10 -1
1 3 5 9 11 12 -1
1 4 5 6 9 10 11 12 -1
3 6 7 8 11 12 -1
1 4 6 9 12 -1
4 7 8 12 -1
2 4 6 11 12 -1
3 5 8 9 11 -1
4 5 8 10 -1
1 2 3 4 6 11 12 -1
2 3 6 9 -1
1 2 4 6 8 9 10 12 -1
8 9 11 12 -1
1 4 5 6 11 -1
3 4 5 7 9 10 11 12 -1
3 4 6 7 9 11 -1
1 2 4 -1
2 4 5 7 8 10 11 -1
4 9 12 -1
1 4 5 6 7 -1
2 6 7 12 -1
1 3 5 6 10 12 -1
3 4 6 8 9 12 -1
2 4 6 8 12 -1
1 6 7 9 12 -1
4 5 7 8 11 12 -1
1 2 4 6 7 -1
1 2 3 6 8 9 -1
1 7 -1
8 10 12 -1
3 5 7 11 12 -1
5 8 10 11 12 -1
5 6 9 10 11 -1
1 5 7 8 10 -1
4 6 10 -1
2 4 5 6 7 8 11 12 -1
2 4 5 8 9 12 -1
2 3 8 10 11 12 -1
3 5 10 11 12 -1
1 2 4 6 7 10 12 -1
2 4 6 7 11 -1
1 4 5 6 8 9 11 12 -1
1 7 11 -1
1 3 5 6 9 11 -1
2 3 4 7 8 9 10 12 -1
2 5 6 8 11 12 -1
1 2 3 6 7 10 -1
1 4 7 10 12 -1
1 2 3 5 7 8 10 11 12 -1
2 3 4 7 11 -1
3 4 8 11 -1
1 2 3 4 6 7 8 10 -1
1 7 8 9 10 12 -1
1 2 3 4 5 7 10 -1
2 7 9 11 12 -1
5 7 8 9 10 12 -1
1 3 4 5 9 10 -1
3 4 8 9 11 12 -1
1 2 4 6 9 10 12 -1
1 3 4 10 11 12 -1
1 2 4 8 9 12 -1
1 2 4 7 9 10 12 -1
1 3 5 8 -1
5 6 12 -1
2 7 10 11 -1
2 6 7 8 10 11 12 -1
1 2 4 7 9 10 -1
4 5 6 7 12 -1
1 6 7 8 9 10 11 12 -1
2 4 6 7 9 11 12 -1
1 2 3 7 -1
5 7 9 12 -1
1 2 4 7 8 10 -1
1 5 6 7 8 9 11 12 -1
2 3 4 5 6 7 8 9 10 11 12 -1
3 7 9 11 -1
1 3 5 6 8 9 10 12 -1
1 9 10 11 12 -1
3 4 7 9 10 -1
1 2 3 7 8 -1
4 10 12 -1
2 3 4 5 7 9 10 12 -1
2 3 5 6 7 11 -1
2 3 5 6 7 11 -1
2 5 8 10 -1
1 2 4 5 6 8 9 10 -1
4 5 7 12 -1
3 4 6 7 8 10 11 -1
1 2 3 5 7 8 10 11 12 -1
2 3 5 6 10 11 -1
3 4 7 8 10 12 -1
1 2 3 7 8 10 12 -1
1 3 4 6 7 8 10 -1
5 8 9 10 11 -1
2 3 5 10 11 12 -1
2 5 6 7 8 9 10 12 -1
4 7 9 10 11 12 -1
1 2 3 6 8 9 -1
1 3 4 5 6 8 11 -1
1 2 3 4 5 8 10 12 -1
1 6 9 11 12 -1
3 4 5 10 11 12 -1
2 5 6 7 9 11 -1
1 4 8 9 -1
1 4 6 7 12 -1
1 10 11 12 -1
1 6 8 10 -1
2 4 5 6 7 8 10 11 -1
1 2 3 7 9 11 12 -1
5 6 9 10 11 12 -1
1 4 6 9 -1
5 7 8 11 -1
1 4 5 8 10 11 12 -1
2 3 11 12 -1
1 3 4 10 -1
1 3 5 7 10 -1
1 3 5 9 10 -1
1 2 3 6 -1
1 2 3 5 6 -1
1 3 4 5 7 8 9 11 -1
7 8 12 -1
4 5 7 8 9 10 12 -1
1 4 5 7 8 10 12 -1
2 3 4 6 11 -1
1 2 3 5 12 -1
1 2 3 5 7 9 11 -1
5 7 11 12 -1
1 2 4 7 10 -1
1 2 4 7 8 9 11 -1
3 4 5 12 -1
3 4 7 8 9 11 -1
1 2 3 5 6 11 -1
3 4 8 -1
7 8 9 10 12 -1
1 2 4 5 6 11 12 -1
5 6 7 8 9 -1
2 4 7 8 9 10 11 -1
1 4 10 11 12 -1
2 3 4 6 9 -1
2 4 8 10 11 12 -1
1 2 4 6 7 8 9 11 12 -1
2 4 5 8 11 -1
4 5 6 9 11 12 -1
2 5 7 9 10 -1
8 10 12 -1
2 3 5 6 -1
2 5 8 10 12 -1
1 4 8 9 11 12 -1
1 2 4 7 8 11 12 -1
3 4 5 6 8 10 12 -1
2 4 5 6 7 8 9 10 12 -1
1 8 -1
1 2 3 7 10 -1
1 3 5 6 8 10 -1
1 7 10 12 -1
9 12 -1
2 3 6 7 9 10 11 -1
2 6 11 -1
1 6 7 10 11 12 -1
5 9 10 11 -1
1 2 3 4 5 8 12 -1
1 2 5 6 8 9 10 11 12 -1
1 3 4 7 8 11 -1
1 2 3 4 5 6 7 8 9 10 -1
2 3 6 10 11 -1
5 9 10 12 -1
1 2 3 5 6 7 9 10 12 -1
3 4 6 8 10 11 12 -1
1 5 8 10 12 -1
1 2 3 8 9 10 -1
2 3 6 8 9 -1
4 9 12 -1
1 2 3 7 8 9 12 -1
1 3 5 6 7 10 11 12 -1
1 3 4 7 8 9 -1
2 3 8 10 -1
1 2 5 6 7 10 -1
1 2 4 6 7 9 10 11 12 -1
1 2 5 6 8 10 11 12 -1
2 4 7 11 -1
2 3 4 8 10 -1
2 3 4 6 8 10 12 -1
3 6 8 -1
2 4 6 7 8 10 -1
2 3 4 5 12 -1
2 5 7 12 -1
1 2 4 6 8 9 12 -1
3 4 5 8 9 11 12 -1
1 2 4 5 8 10 11 12 -1
1 2 4 8 9 10 -1
1 3 4 5 6 7 9 -1
2 4 6 7 9 10 11 12 -1
2 3 4 5 6 8 11 -1
3 4 8 9 11 -1
1 5 6 9 10 -1
1 5 6 7 8 12 -1
3 11 -1
1 2 4 5 7 8 9 11 -1
1 2 5 7 9 -1
4 5 6 7 9 11 -1
1 2 3 4 5 6 8 11 -1
2 3 5 6 12 -1
4 7 9 10 11 12 -1
1 2 3 4 5 6 10 -1
3 4 5 6 9 11 -1
1 2 4 8 11 -1
1 2 5 6 7 10 11 -1
5 6 7 9 11 -1
4 6 7 9 11 -1
1 2 3 10 11 -1
1 6 8 12 -1
4 6 10 -1
2 3 6 8 9 10 11 -1
1 4 6 9 10 12 -1
2 3 4 8 9 11 12 -1
1 3 4 6 8 9 11 -1
2 3 4 6 7 8 9 11 -1
2 3 5 6 7 8 10 -1
3 4 5 7 8 10 11 12 -1
1 3 5 10 -1
3 4 5 6 7 10 11 -1
2 6 8 10 -1
6 9 12 -1
2 3 6 7 9 10 11 -1
1 10 11 -1
3 6 7 9 10 11 12 -1
1 4 7 10 -1
1 2 3 7 10 12 -1
1 3 8 9 10 12 -1
1 3 5 7 8 9 12 -1
1 2 6 7 8 9 10 -1
4 5 6 7 8 9 10 11 12 -1
2 4 7 12 -1
1 4 7 9 10 -1
7 9 12 -1
1 4 8 9 10 -1
4 5 6 -1
2 6 8 9 11 12 -1
1 3 4 5 7 8 11 -1
1 4 6 7 8 9 12 -1
1 3 4 5 7 10 11 -1
1 6 7 11 -1
1 2 4 9 -1
1 2 11 12 -1
3 5 6 7 9 11 -1
1 5 10 12 -1
1 2 3 6 7 8 10 11 12 -1
2 8 11 -1
1 5 6 7 8 10 11 -1
2 3 4 6 8 11 12 -1
2 4 7 12 -1
1 3 4 5 7 9 11 -1
1 3 6 7 8 9 12 -1
6 8 9 10 12 -1
3 4 6 9 10 11 -1
3 5 7 8 12 -1
6 7 10 -1
3 8 9 11 -1
2 4 5 10 12 -1
1 2 3 4 5 8 10 12 -1
2 4 5 9 11 12 -1
3 4 6 8 9 11 -1
2 4 5 7 8 10 11 12 -1
1 2 3 4 6 9 11 -1
1 3 4 6 7 8 9 -1
2 4 5 8 -1
2 5 8 12 -1
1 6 8 9 10 12 -1
1 2 3 5 6 8 9 10 -1
1 8 9 10 11 12 -1
1 3 4 6 10 -1
1 5 8 11 12 -1
1 5 10 11 12 -1
1 2 3 5 6 10 11 12 -1
1 5 7 11 -1
1 5 6 7 8 9 11 12 -1
5 6 8 9 10 -1
1 3 6 8 9 10 11 12 -1
2 5 7 8 10 12 -1
1 3 5 6 7 9 11 -1
1 3 4 5 6 10 -1
1 7 8 10 11 12 -1
2 4 5 6 7 8 10 12 -1
1 2 3 5 8 10 11 12 -1
1 2 4 7 9 10 12 -1
1 4 6 8 9 -1
2 3 4 6 7 8 10 11 -1
2 3 10 -1
4 5 8 9 11 -1
1 3 4 6 8 9 -1
4 5 7 9 -1
5 12 -1
4 5 6 7 8 9 10 12 -1
4 8 9 10 11 -1
1 2 3 5 6 7 9 11 12 -1
4 5 6 7 9 10 11 -1
1 3 4 5 6 9 10 12 -1
3 5 7 8 11 -1
1 4 7 10 11 12 -1
2 5 6 7 8 9 12 -1
7 9 10 11 12 -1
1 2 3 4 5 6 7 9 10 12 -1
2 3 5 6 7 8 9 -1
1 2 5 9 10 -1
1 3 4 5 6 10 -1
1 5 6 7 10 11 -1
1 2 4 5 6 9 10 12 -1
3 4 7 8 9 10 -1
1 2 3 4 5 7 8 11 12 -1
2 4 5 8 9 11 12 -1
2 3 4 5 6 9 10 11 -1
2 6 7 9 10 -1
4 7 8 9 -1
1 4 11 -1
3 4 6 10 12 -1
1 2 6 11 -1
1 2 3 4 5 7 9 12 -1
8 10 11 -1
5 7 9 11 -1
1 2 3 6 9 11 12 -1
1 3 5 6 7 8 9 -1
3 4 5 10 11 -1
2 3 6 9 10 -1
2 5 6 9 11 -1
1 2 4 5 8 9 10 -1
6 8 9 10 11 12 -1
3 4 8 10 11 12 -1
1 2 3 5 7 8 9 10 12 -1
1 2 6 7 8 11 -1
1 2 6 8 10 -1
2 3 4 5 7 9 10 11 -1
1 3 5 -1
4 7 10 12 -1
1 2 5 6 8 11 12 -1
1 4 6 8 9 -1
2 3 4 6 7 8 9 10 -1
1 2 6 7 8 9 -1
1 3 5 6 7 9 10 11 12 -1
3 7 9 10 12 -1
1 2 3 4 5 9 10 11 -1
1 2 6 8 9 10 11 -1
1 2 4 5 7 -1
3 4 6 8 12 -1
1 4 7 9 10 12 -1
2 3 8 10 -1
4 5 9 10 12 -1
1 4 5 9 -1
2 3 4 5 6 7 10 11 12 -1
4 5 6 7 9 10 12 -1
1 2 3 4 5 7 9 11 -1
4 7 12 -1
1 2 7 11 12 -1
2 6 10 -1
1 2 3 4 5 8 9 10 11 -1
1 5 7 10 -1
1 2 3 4 6 9 11 12 -1
5 6 8 10 11 -1
2 5 6 7 9 12 -1
1 5 6 8 -1
2 5 7 8 9 10 -1
1 2 3 6 8 12 -1
5 6 7 8 10 12 -1
1 2 5 6 7 9 10 11 12 -1
1 2 3 4 9 10 11 -1
3 5 6 7 8 9 -1
4 5 6 7 9 12 -1
1 6 9 11 12 -1
2 4 6 7 9 -1
2 3 6 7 8 10 11 -1
1 4 5 8 9 10 11 12 -1
2 7 -1
6 8 10 12 -1
1 2 3 4 5 6 7 -1
2 3 4 5 8 -1
3 7 8 9 10 11 -1
2 5 6 7 10 11 -1
1 2 4 5 8 -1
2 7 8 9 -1
1 2 3 4 5 7 10 11 -1
1 2 3 7 9 11 -1
7 11 12 -1
2 3 4 5 6 7 8 9 10 12 -1
1 2 4 6 8 9 11 -1
5 9 10 11 12 -1
5 7 10 -1
3 6 7 8 10 12 -1
1 3 4 6 7 8 9 10 11 12 -1
3 4 6 8 10 11 -1
1 4 7 12 -1
1 2 4 5 8 9 11 12 -1
2 5 7 10 12 -1
1 2 3 6 7 11 -1
4 6 7 10 11 -1
1 5 9 10 11 -1
1 5 8 11 -1
1 3 5 8 9 10 -1
1 3 4 8 11 -1
2 3 6 7 8 9 10 12 -1
3 4 8 10 11 -1
1 2 6 8 9 12 -1
1 2 4 5 6 -1
4 5 -1
1 3 5 6 9 10 12 -1
3 5 6 7 8 9 10 -1
1 2 3 4 5 6 8 10 12 -1
1 4 5 8 9 -1
1 2 4 6 10 -1
1 3 8 11 -1
1 2 3 4 10 11 -1
3 4 6 8 10 -1
1 5 6 9 12 -1
1 4 5 10 11 -1
1 2 4 5 7 8 10 12 -1
1 2 4 5 7 10 11 -1
1 2 4 5 10 11 -1
1 3 9 10 11 -1
1 3 6 8 9 10 11 -1
1 4 5 6 7 8 10 11 12 -1
4 5 6 11 -1
1 5 6 8 10 12 -1
1 7 10 12 -1
1 2 5 6 7 10 11 12 -1
1 2 4 5 6 7 10 -1
1 3 7 9 10 -1
1 2 3 4 5 7 8 10 11 -1
1 4 9 11 12 -1
3 4 11 12 -1
1 2 3 4 6 7 11 -1
1 2 3 7 9 10 -1
1 2 4 5 7 9 10 -1
6 7 8 9 10 11 12 -1
2 4 5 7 8 9 11 12 -1
3 4 6 9 11 -1
2 3 6 9 -1
1 2 3 4 9 -1
3 4 5 7 8 9 10 -1
4 5 8 10 -1
2 3 5 6 8 10 11 12 -1
2 3 4 6 8 12 -1
1 2 6 7 8 11 -1
3 5 6 8 10 11 -1
1 2 3 4 7 9 10 -1
1 3 4 6 7 9 10 -1
2 4 8 9 10 -1
2 4 5 6 9 -1
1 4 5 6 12 -1
6 7 9 10 12 -1
1 3 4 7 11 -1
2 3 4 6 9 10 11 12 -1
7 9 10 11 -1
1 2 4 8 10 -1
2 3 8 9 11 -1
1 2 4 7 -1
5 7 9 11 -1
1 2 3 4 5 6 7 8 10 12 -1
1 2 7 9 10 11 12 -1
1 4 5 6 7 8 -1
2 3 11 -1
1 4 5 8 9 -1
1 3 8 9 11 -1
3 5 10 -1
3 4 5 8 11 12 -1
4 8 10 12 -1
2 4 6 7 9 12 -1
4 7 8 9 -1
1 2 3 5 6 9 11 -1
2 6 7 -1
2 3 5 6 7 9 11 -1
2 3 6 10 11 12 -1
2 5 7 9 11 -1
3 4 5 8 11 -1
1 3 5 7 10 12 -1
1 2 4 6 8 10 12 -1
2 5 10 11 -1
11 12 -1
5 6 7 8 12 -1
1 2 5 6 8 12 -1
1 2 3 5 6 7 9 -1
1 4 5 6 7 8 11 12 -1
1 2 3 7 9 11 12 -1
1 3 4 5 7 9 11 12 -1
1 2 5 6 8 9 10 11 12 -1
4 5 6 8 12 -1
1 3 5 6 12 -1
2 4 7 9 10 12 -1
1 4 5 6 7 9 11 -1
2 3 9 10 11 -1
1 3 6 7 8 11 12 -1
1 4 5 8 9 12 -1
5 6 11 12 -1
1 2 3 5 6 8 9 11 12 -1
2 5 9 11 -1
3 4 6 -1
1 4 5 6 9 12 -1
1 2 6 7 9 10 -1
2 4 5 6 7 8 9 10 12 -1
1 3 5 6 7 8 9 10 11 12 -1
1 2 4 6 7 -1
1 2 3 4 5 6 8 10 11 12 -1
1 2 5 8 -1
1 2 3 6 8 9 10 11 12 -1
2 4 10 12 -1
5 6 8 11 12 -1
2 4 5 6 7 9 11 -1
2 5 6 8 10 11 12 -1
3 4 8 10 11 12 -1
1 6 8 9 10 11 -1
3 5 9 11 -1
1 2 3 4 7 8 9 10 12 -1
1 2 9 11 -1
1 3 5 10 -1
2 4 5 6 10 -1
2 3 4 5 6 10 12 -1
1 2 3 4 8 9 10 12 -1
2 3 7 8 9 10 -1
3 4 5 6 8 11 12 -1
5 7 10 11 -1
1 3 4 5 9 10 11 12 -1
1 5 8 10 12 -1
5 6 7 8 10 -1
1 2 7 9 11 -1
1 2 4 7 10 12 -1
1 2 3 4 5 6 7 9 11 -1
1 2 8 9 -1
1 2 3 4 5 7 11 12 -1
2 3 4 5 6 8 11 -1
2 3 6 8 9 11 12 -1
2 3 6 7 8 10 11 -1
2 3 5 6 9 11 12 -1
1 3 4 6 9 12 -1
2 4 9 10 11 12 -1
1 2 3 5 6 8 9 11 12 -1
3 4 5 6 8 9 10 -1
1 3 7 8 10 -1
5 6 7 8 12 -1
2 6 10 -1
8 9 11 -1
2 5 9 11 -1
2 5 7 9 10 12 -1
2 3 4 5 12 -1
1 5 6 9 10 12 -1
1 2 3 4 5 6 7 8 9 11 -1
1 3 4 5 6 7 11 -1
3 4 5 7 8 12 -1
2 3 4 6 9 10 11 -1
1 2 5 6 7 8 9 11 -1
5 10 11 12 -1
3 4 5 6 8 10 -1
2 3 5 6 7 10 12 -1
3 6 7 9 10 12 -1
2 3 6 8 -1
1 2 5 6 7 10 12 -1
1 3 4 5 7 8 9 -1
2 3 4 5 6 7 8 9 11 12 -1
2 3 4 5 -1
1 2 6 7 12 -1
2 3 4 8 10 12 -1
1 2 5 7 11 12 -1
1 3 4 5 7 8 9 -1
1 2 4 5 8 9 10 11 12 -1
2 3 5 6 7 8 10 12 -1
1 4 6 8 12 -1
1 2 4 5 8 12 -1
1 3 5 6 7 8 9 10 11 -1
2 3 4 8 10 12 -1
2 5 8 11 -1
1 2 4 6 8 9 12 -1
2 3 5 9 11 12 -1
1 2 3 5 6 7 8 10 11 12 -1
1 2 5 6 11 12 -1
2 3 8 10 -1
1 2 5 7 9 10 12 -1
1 2 4 5 6 7 8 9 10 12 -1
1 3 6 7 8 9 10 11 -1
1 4 6 7 8 10 11 -1
1 3 5 7 8 10 -1
1 2 5 6 7 8 11 12 -1
1 3 8 9 -1
5 7 10 11 12 -1
1 2 3 4 5 7 8 9 12 -1
3 5 6 7 8 9 10 -1
3 5 9 10 12 -1
2 4 5 9 10 12 -1
2 3 4 5 8 10 -1
3 6 7 9 11 12 -1
1 5 6 9 10 -1
1 4 8 9 10 11 -1
1 2 5 11 -1
1 5 6 10 -1
1 4 5 6 7 8 9 10 11 12 -1
3 6 7 8 12 -1
1 2 4 9 11 12 -1
7 10 11 -1
1 4 6 10 11 -1
1 4 5 6 10 -1
1 2 3 5 7 9 11 -1
1 4 5 8 9 10 -1
1 2 4 6 7 9 11 -1
1 7 10 11 12 -1
3 4 5 6 9 10 11 12 -1
2 6 8 -1
1 4 7 9 -1
4 7 10 11 -1
1 2 4 6 8 9 10 11 12 -1
4 7 9 12 -1
1 2 4 6 9 12 -1
3 4 7 10 11 12 -1
2 4 7 9 -1
3 4 5 6 7 8 9 11 12 -1
3 6 8 10 12 -1
1 2 3 5 9 11 12 -1
2 5 6 7 9 10 11 -1
2 3 5 8 9 10 11 12 -1
3 6 8 -1
5 6 8 9 12 -1
8 11 12 -1
1 2 3 4 6 7 8 9 11 -1
8 9 10 11 -1
1 2 3 5 6 8 9 10 -1
3 8 10 11 -1
4 5 6 9 11 12 -1
1 2 4 6 7 8 9 11 -1
3 4 5 6 8 9 11 -1
1 3 4 6 10 11 12 -1
2 3 4 5 9 11 12 -1
1 2 3 4 5 6 7 8 9 10 12 -1
2 4 8 9 10 11 -1
2 3 4 5 7 8 -1
1 2 3 4 5 7 8 10 12 -1
1 2 4 6 9 10 -1
4 5 7 8 10 12 -1
1 2 5 6 7 8 10 -1
1 3 7 8 9 10 -1
1 3 5 7 8 9 11 12 -1
1 4 6 8 -1
1 4 5 8 10 11 -1
2 3 5 6 7 8 9 11 -1
1 3 4 5 8 10 -1
1 9 12 -1
1 4 6 7 8 9 10 11 -1
1 3 4 5 6 7 8 10 -1
1 2 4 5 6 9 -1
1 2 3 4 6 7 8 11 -1
3 7 9 -1
1 3 4 7 9 10 11 -1
1 2 3 6 11 -1
2 3 5 6 8 9 11 -1
3 6 -1
1 3 4 5 6 8 10 11 12 -1
1 3 4 5 9 -1
1 2 5 6 8 9 11 -1
1 2 5 8 10 -1
2 4 5 6 7 -1
1 2 3 4 8 10 -1
1 3 5 8 9 11 -1
2 3 5 6 8 9 11 12 -1
2 3 4 6 7 9 10 12 -1
1 5 8 9 10 12 -1
1 3 4 8 11 12 -1
3 4 6 7 8 10 11 -1
4 10 11 12 -1
3 7 8 9 12 -1
3 7 9 10 11 12 -1
1 3 6 9 10 -1
3 8 10 -1
2 4 7 12 -1
1 3 4 10 12 -1
2 4 9 10 -1
1 2 5 7 8 9 10 11 12 -1
1 2 3 4 5 9 10 11 -1
1 2 4 7 9 10 12 -1
3 4 5 8 -1
1 2 4 5 6 7 12 -1
1 2 3 4 5 6 7 8 12 -1
1 2 6 8 9 11 -1
1 3 5 6 9 10 -1
1 2 3 4 7 11 -1
2 4 6 12 -1
2 4 6 7 9 10 12 -1
1 2 4 6 9 12 -1
2 3 5 8 9 10 11 -1
1 8 10 11 -1
3 4 6 7 8 -1
2 5 6 10 11 -1
2 5 7 8 11 -1
1 2 5 7 10 12 -1
1 2 6 8 9 10 11 -1
1 4 5 6 8 11 -1
1 3 4 6 8 9 11 -1
3 4 5 7 9 10 12 -1
1 9 10 11 12 -1
1 3 4 5 6 7 8 9 11 12 -1
1 4 7 8 10 12 -1
1 3 4 6 9 11 12 -1
1 3 4 5 8 9 10 12 -1
1 2 3 4 5 6 7 8 -1
2 3 5 7 8 9 -1
1 2 3 7 8 11 -1
2 3 7 12 -1
3 4 6 8 9 11 12 -1
1 2 3 4 6 12 -1
2 3 5 6 9 10 11 -1
1 4 8 9 11 -1
2 4 5 6 9 10 11 12 -1
1 2 3 4 5 6 8 9 -1
2 3 10 -1
1 5 6 8 9 10 12 -1
1 3 4 5 6 7 8 9 10 -1
2 5 6 7 9 10 11 12 -1
1 2 4 5 6 8 10 12 -1
1 3 4 5 6 7 8 9 -1
1 2 5 6 9 -1
1 2 3 5 7 8 -1
2 3 4 9 12 -1
5 8 9 11 -1
2 3 4 5 7 8 10 11 -1
1 2 4 6 8 10 11 -1
1 2 4 6 8 11 -1
4 6 8 9 10 11 12 -1
4 5 6 8 9 -1
3 4 7 8 9 10 12 -1
1 3 4 5 6 7 9 10 12 -1
1 4 5 6 7 8 10 -1
6 7 10 11 12 -1
1 4 6 10 11 12 -1
2 3 5 7 12 -1
1 3 4 6 7 8 -1
1 2 4 8 10 -1
2 6 8 9 10 11 12 -1
1 2 3 4 5 6 7 -1
1 2 5 8 11 -1
1 2 4 5 6 7 11 12 -1
1 2 4 8 9 10 11 -1
1 2 3 4 6 7 9 10 12 -1
1 2 3 4 5 6 7 8 9 11 12 -1
5 7 10 12 -1
2 3 5 6 7 8 9 10 -1
1 6 7 8 9 10 11 12 -1
3 5 7 10 11 12 -1
1 2 6 7 8 10 11 -1
1 3 4 6 8 9 11 12 -1
2 6 8 10 11 12 -1
1 4 7 8 9 10 -1
2 3 4 5 6 7 -1
1 2 7 11 12 -1
1 3 4 5 6 7 9 10 11 -1
2 4 5 6 8 12 -1
3 4 7 9 11 12 -1
2 3 4 6 7 8 9 12 -1
1 5 7 10 11 12 -1
1 4 6 7 9 12 -1
2 4 6 10 12 -1
3 5 6 8 10 -1
3 6 7 8 9 -1
2 7 8 10 -1
3 5 7 10 12 -1
1 4 5 6 7 8 9 10 11 -1
1 2 3 6 10 11 -1
3 4 6 8 10 12 -1
1 2 3 7 9 10 -1
3 4 7 8 9 12 -1
2 3 4 6 9 10 11 12 -1
5 9 10 11 -1
3 4 5 7 9 11 -1
1 4 -1
1 2 8 9 -1
3 10 11 -1
1 5 6 8 10 11 12 -1
3 4 5 8 10 12 -1
1 3 5 6 8 10 11 -1
1 3 4 6 7 12 -1
1 3 4 6 8 11 -1
3 5 6 7 -1
1 3 5 6 7 10 -1
1 2 4 5 6 7 10 11 -1
1 3 4 6 7 10 11 -1
2 6 7 10 11 -1
2 4 5 7 11 12 -1
2 6 7 8 9 10 12 -1
1 2 4 6 8 9 -1
1 3 4 7 8 10 12 -1
1 2 5 6 -1
3 5 7 12 -1
1 2 3 4 5 6 7 10 11 -1
1 2 4 6 8 9 10 11 12 -1
3 4 5 6 7 9 -1
1 3 8 10 -1
3 6 7 12 -1
2 4 5 6 8 9 10 11 12 -1
1 6 9 11 12 -1
5 10 12 -1
7 9 12 -1
1 2 4 5 6 10 -1
2 6 8 9 10 -1
1 4 9 11 12 -1
3 5 10 11 12 -1
2 5 8 12 -1
1 3 4 6 7 9 11 12 -1
1 2 4 5 6 7 8 9 10 11 -1
3 4 5 6 7 10 12 -1
2 6 8 9 11 -1
1 4 6 7 8 10 11 12 -1
4 9 11 12 -1
2 3 5 6 8 9 10 -1
2 5 6 8 11 -1
2 4 6 7 8 9 10 11 12 -1
5 6 7 10 11 12 -1
2 3 5 6 8 9 10 11 -1
1 2 3 6 7 8 11 -1
1 5 9 12 -1
1 2 3 -1
3 6 8 9 10 11 12 -1
2 3 4 5 7 8 11 12 -1
3 5 6 7 8 9 10 11 -1
3 6 7 9 10 -1
2 5 6 10 11 12 -1
1 4 5 7 9 10 12 -1
4 5 11 12 -1
2 6 8 -1
1 5 9 11 -1
1 3 4 7 8 10 -1
1 4 5 6 7 9 12 -1
1 3 5 6 7 9 11 -1
1 2 3 4 8 10 11 12 -1
3 10 12 -1
2 8 9 11 -1
2 6 10 11 12 -1
1 2 3 5 6 9 12 -1
1 3 8 9 11 12 -1
2 5 7 8 11 12 -1
3 4 7 8 12 -1
2 3 7 -1
1 3 4 5 6 8 9 11 12 -1
3 4 7 8 9 11 -1
1 2 4 6 8 10 12 -1
2 4 6 7 10 -1
2 5 6 9 10 12 -1
1 4 10 -1
1 2 3 4 5 6 8 11 12 -1
2 4 5 9 10 11 12 -1
3 5 7 8 12 -1
1 2 5 7 11 12 -1
1 5 6 7 8 10 -1
2 3 5 7 9 12 -1
3 4 5 6 7 9 10 11 12 -1
1 2 4 5 8 11 12 -1
5 6 7 10 11 12 -1
6 7 8 9 10 11 -1
2 3 5 9 -1
4 5 9 10 12 -1
1 2 5 6 7 9 11 12 -1
1 2 3 4 7 8 -1
1 3 6 7 8 9 -1
2 4 6 8 9 12 -1
3 4 5 6 8 10 11 -1
2 4 11 -1
9 10 12 -1
5 10 11 -1
7 8 10 12 -1
5 7 8 -1
2 10 11 12 -1
1 3 4 6 9 10 12 -1
1 3 6 7 10 12 -1
2 4 6 7 8 11 -1
3 5 6 7 8 9 11 -1
4 6 8 9 12 -1
3 4 6 7 8 9 10 11 12 -1
5 6 7 8 10 -1
1 2 6 9 10 11 -1
2 3 7 8 9 10 -1
1 2 4 6 10 -1
3 4 6 10 -1
4 8 9 10 11 -1
1 3 4 6 -1
1 5 6 7 9 10 -1
1 2 3 4 6 8 10 11 -1
1 4 5 6 7 9 12 -1
1 2 3 4 5 7 8 9 10 11 -1
2 4 5 7 9 -1
1 2 3 5 6 7 8 9 10 11 12 -1
1 2 4 6 7 8 9 10 -1
1 3 6 7 8 9 11 -1
2 4 5 7 8 9 10 -1
2 4 5 6 9 10 11 12 -1
3 4 6 10 -1
1 2 3 4 5 6 7 8 9 10 11 -1
2 5 7 10 11 12 -1
7 8 11 12 -1
1 3 7 8 11 12 -1
2 3 4 6 11 -1
1 4 6 7 11 -1
1 3 6 8 12 -1
1 3 5 6 8 9 11 -1
3 5 7 9 10 -1
3 4 9 10 -1
1 2 5 6 7 9 -1
1 2 3 4 6 7 8 10 12 -1
1 4 8 9 12 -1
1 2 5 7 8 12 -1
2 4 5 8 10 -1
1 4 7 8 9 10 12 -1
4 8 -1
2 3 4 12 -1
1 3 5 6 10 11 12 -1
1 2 6 7 8 9 -1
1 2 4 5 6 7 8 9 12 -1
3 5 6 7 8 9 12 -1
1 2 4 6 7 8 10 11 -1
1 3 5 6 7 8 12 -1
1 3 6 11 -1
2 5 6 7 10 12 -1
2 3 4 6 7 9 11 -1
1 2 3 6 7 10 11 12 -1
1 2 4 8 -1
1 2 4 5 6 8 9 10 11 -1
1 2 3 4 6 7 8 10 11 -1
3 9 10 11 12 -1
1 5 7 9 -1
1 4 5 6 8 9 -1
5 7 10 11 -1
4 5 6 7 9 10 12 -1
1 3 4 5 6 7 8 10 11 -1
1 2 3 9 10 -1
3 5 6 8 10 12 -1
1 2 3 5 6 10 11 12 -1
2 4 6 8 9 10 11 12 -1
2 4 5 7 8 9 11 12 -1
4 5 6 8 10 11 -1
2 3 4 6 8 9 10 12 -1
1 2 3 4 8 9 -1
1 2 9 -1
2 3 4 9 10 11 -1
3 4 6 9 10 12 -1
1 2 4 9 10 11 12 -1
1 4 6 12 -1
2 3 4 5 8 -1
3 5 6 7 8 9 10 -1
1 4 5 7 9 -1
5 6 7 8 11 12 -1
5 8 9 -1
1 3 4 5 6 8 10 12 -1
2 8 11 -1
1 5 7 8 9 10 12 -1
2 6 9 10 11 -1
1 2 3 8 12 -1
1 4 5 6 8 10 -1
1 2 3 6 8 9 10 11 12 -1
5 6 8 9 10 12 -1
2 3 4 5 6 9 10 11 12 -1
1 2 3 5 7 9 -1
1 2 3 4 8 9 10 -1
1 3 8 10 11 12 -1
1 3 4 5 7 10 11 -1
1 3 5 7 11 -1
1 2 4 6 7 12 -1
1 2 4 8 -1
3 4 5 7 10 11 12 -1
1 5 7 8 12 -1
2 3 4 5 6 7 8 12 -1
1 4 7 9 -1
2 9 10 11 12 -1
2 4 5 6 8 10 11 -1
1 3 6 7 8 9 10 12 -1
3 5 6 7 11 -1
3 5 7 8 12 -1
4 5 6 9 11 -1
1 2 3 9 10 11 -1
1 2 10 11 -1
3 4 10 -1
3 4 5 6 8 -1
3 4 6 7 9 11 12 -1
1 3 5 6 11 -1
1 2 3 7 9 12 -1
1 2 4 6 -1
2 5 6 7 8 9 11 12 -1
1 2 8 11 -1
2 3 6 7 10 11 -1
1 3 5 6 7 8 -1
4 5 6 8 9 10 -1
2 4 5 7 9 12 -1
7 8 9 -1
4 6 7 8 9 -1
1 2 6 11 -1
1 2 5 6 8 10 11 -1
2 3 4 5 6 8 9 10 -1
3 7 12 -1
1 2 3 4 8 9 11 12 -1
2 4 5 6 8 9 10 -1
10 -1
1 4 6 7 8 9 10 -1
1 2 7 9 10 11 12 -1
2 7 9 10 11 -1
3 4 8 9 -1
2 5 8 9 12 -1
2 3 4 6 7 8 10 12 -1
1 3 8 9 10 -1
1 9 -1
3 4 5 8 11 12 -1
3 6 9 10 11 -1
1 2 3 4 6 10 11 -1
1 3 5 6 8 10 11 -1
1 4 7 9 11 12 -1
2 5 7 8 11 12 -1
1 2 3 4 5 6 8 10 11 -1
1 4 5 10 11 12 -1
1 9 12 -1
1 3 4 5 7 8 9 -1
2 6 7 -1
2 5 6 9 10 12 -1
4 10 11 -1
2 5 6 7 12 -1
1 2 4 5 6 8 9 10 -1
2 3 7 8 12 -1
1 2 6 8 10 11 12 -1
2 5 6 8 12 -1
1 2 4 5 7 8 10 11 -1
2 6 8 9 10 11 -1
4 6 10 11 -1
1 3 4 6 7 9 11 12 -1
1 2 3 7 8 9 10 11 -1
4 5 7 8 10 12 -1
3 4 6 7 12 -1
1 2 5 9 10 11 -1
1 2 4 5 6 7 8 9 11 -1
1 2 6 7 8 -1
1 2 7 8 10 11 12 -1
3 5 6 8 10 12 -1
2 3 4 6 7 8 9 11 12 -1
1 3 4 5 7 9 12 -1
1 5 7 11 -1
2 4 6 7 8 11 -1
1 5 7 8 9 12 -1
1 3 4 5 6 8 11 12 -1
4 5 7 9 11 -1
2 5 7 10 12 -1
3 4 5 7 9 10 -1
2 3 4 8 9 11 12 -1
1 2 3 6 8 10 11 -1
3 6 9 12 -1
1 5 6 8 10 11 12 -1
1 2 5 6 7 8 9 -1
1 5 7 9 11 12 -1
2 4 5 8 11 12 -1
3 5 6 10 11 12 -1
2 5 6 7 8 -1
3 5 6 10 11 12 -1
1 2 3 4 5 7 8 9 10 12 -1
1 2 6 9 10 11 12 -1
1 2 4 5 6 9 -1
2 5 11 -1
1 2 3 4 5 7 9 10 11 12 -1
1 3 6 7 9 10 11 -1
2 3 4 10 -1
1 3 4 5 8 9 11 12 -1
1 4 6 9 10 -1
4 5 6 7 8 9 11 12 -1
1 4 6 -1
3 6 10 12 -1
1 3 5 6 7 8 9 10 -1
1 3 4 6 8 9 11 12 -1
5 6 9 11 -1
1 3 6 7 9 10 -1
3 5 8 10 -1
3 4 7 8 9 12 -1
4 5 9 10 -1
2 5 7 8 11 12 -1
2 4 6 7 9 10 12 -1
3 4 5 8 12 -1
1 2 3 4 7 8 9 10 12 -1
1 4 7 -1
1 2 7 8 11 12 -1
1 4 6 7 9 10 11 -1
1 3 5 8 9 11 -1
1 3 5 6 7 8 9 10 -1
5 6 7 8 -1
1 2 3 5 7 8 9 10 12 -1
2 5 6 9 10 11 -1
1 4 5 7 9 11 12 -1
1 3 5 6 7 8 10 -1
1 6 7 8 9 10 -1
3 4 5 7 -1
4 5 7 9 10 11 12 -1
6 7 12 -1
1 4 5 6 8 9 12 -1
2 4 5 6 10 -1
1 3 4 7 10 12 -1
1 3 9 -1
1 2 3 6 7 8 9 11 -1
4 6 7 8 9 12 -1
1 3 6 7 11 12 -1
3 7 8 9 11 -1
1 5 7 9 10 11 12 -1
2 4 6 7 9 -1
1 2 4 5 6 8 11 12 -1
1 5 9 12 -1
2 7 10 11 -1
2 3 8 9 10 11 12 -1
1 2 3 6 8 9 11 -1
4 8 9 -1
1 3 5 7 8 10 11 -1
1 4 6 7 8 10 12 -1
1 2 4 5 7 9 11 12 -1
1 7 8 10 -1
1 3 5 7 9 10 12 -1
2 3 4 7 9 10 -1
2 5 6 7 9 10 -1
1 2 3 4 5 6 7 9 12 -1
1 2 4 8 11 12 -1
1 2 3 4 7 9 10 12 -1
2 4 7 9 10 -1
3 6 7 10 11 12 -1
1 2 3 4 7 8 9 10 11 -1
1 7 9 11 -1
1 3 7 8 10 -1
1 2 4 6 11 -1
1 3 4 7 9 12 -1
1 2 3 4 5 9 -1
1 5 6 7 8 -1
1 3 4 6 7 8 9 11 -1
2 3 5 6 7 8 10 11 -1
1 2 3 5 8 11 -1
1 5 6 7 -1
2 3 4 5 6 7 8 10 11 -1
1 4 6 10 11 12 -1
3 4 5 7 8 9 10 11 12 -1
1 3 5 8 9 10 11 -1
1 4 5 6 7 8 10 12 -1
1 3 4 5 7 8 11 -1
5 8 10 11 12 -1
1 3 4 7 8 11 -1
4 6 8 9 10 11 12 -1
1 3 4 7 8 9 11 12 -1
4 8 11 -1
1 4 5 7 8 11 -1
1 6 7 8 9 11 -1
2 5 7 8 11 -1
5 6 7 8 9 10 11 -1
1 2 3 5 7 8 10 -1
1 3 7 8 9 10 12 -1
2 3 4 5 6 7 10 11 12 -1
3 4 7 8 9 -1
1 3 4 5 6 7 8 10 11 -1
2 3 5 11 -1
5 6 8 9 10 11 -1
2 4 10 11 12 -1
1 2 3 6 7 9 10 11 12 -1
1 2 5 7 9 10 -1
3 8 -1
1 2 3 4 8 10 12 -1
1 2 4 5 7 8 9 12 -1
1 3 4 5 6 10 11 12 -1
3 5 6 8 9 11 -1
1 4 5 7 8 11 12 -1
2 4 7 11 -1
2 4 6 11 -1
3 4 5 7 8 9 10 11 -1
3 4 5 7 8 10 11 12 -1
1 3 4 6 7 9 10 12 -1
1 2 4 5 6 11 12 -1
1 3 4 6 7 9 10 11 12 -1
2 7 -1
7 8 9 10 11 12 -1
2 3 4 6 7 10 11 12 -1
3 4 7 12 -1
3 4 6 7 10 12 -1
1 2 3 5 6 7 8 9 10 12 -1
1 5 6 7 10 -1
4 6 8 11 12 -1
1 2 3 4 7 9 10 -1
3 5 6 7 9 12 -1
1 2 3 4 7 8 10 11 -1
1 3 5 6 7 11 12 -1
4 6 7 8 11 -1
1 2 4 6 8 9 10 12 -1
1 3 4 7 9 12 -1
1 3 4 9 10 11 -1
1 10 11 12 -1
4 5 6 9 -1
2 8 9 12 -1
1 3 6 12 -1
2 3 4 5 8 9 -1
1 2 3 8 9 10 12 -1
1 4 5 6 8 11 12 -1
2 3 8 9 12 -1
3 6 8 10 12 -1
2 3 5 -1
4 6 7 8 9 -1
3 5 8 9 10 12 -1
3 5 7 8 11 12 -1
1 3 4 5 6 7 10 11 12 -1
2 3 5 7 8 9 10 -1
1 3 5 6 10 -1
1 6 7 9 10 -1
1 4 5 6 7 9 10 11 -1
2 3 4 5 7 11 12 -1
1 2 3 4 11 -1
1 2 4 5 8 9 11 -1
3 4 5 8 9 -1
3 4 6 7 11 12 -1
3 4 6 8 9 11 -1
1 2 3 4 7 10 11 12 -1
2 5 6 8 11 -1
1 4 6 9 11 12 -1
2 4 6 11 -1
3 4 6 9 11 -1
1 8 9 -1
2 4 7 8 12 -1
3 4 5 6 8 9 -1
1 10 11 12 -1
1 5 6 7 8 10 11 -1
2 3 6 7 8 9 10 12 -1
2 4 6 10 -1
1 3 4 5 10 -1
1 3 6 9 10 11 12 -1
1 4 5 7 8 9 10 11 -1
2 6 9 11 -1
2 4 5 7 10 11 -1
2 4 6 8 11 12 -1
3 5 8 10 11 12 -1
1 6 7 8 9 10 11 -1
2 3 4 7 9 10 11 -1
1 2 3 6 9 11 -1
3 4 6 7 8 -1
1 3 5 6 8 11 12 -1
1 4 6 8 -1
1 4 5 6 9 11 -1
1 2 3 6 -1
6 7 8 9 10 11 -1
2 3 4 8 -1
1 3 4 5 6 8 9 10 12 -1
2 3 5 7 8 11 -1
1 4 9 10 -1
4 7 10 12 -1
2 3 6 7 8 9 10 12 -1
2 3 4 6 -1
1 3 4 6 7 9 10 -1
3 4 5 7 9 11 -1
1 3 8 11 12 -1
1 2 3 4 7 10 -1
2 4 10 12 -1
1 2 3 5 7 8 -1
1 3 4 9 12 -1
1 3 7 8 9 10 -1
5 7 9 11 -1
2 6 9 10 -1
1 4 5 7 8 10 -1
2 5 10 11 12 -1
2 3 10 11 -1
1 2 5 9 10 11 12 -1
1 3 4 5 11 12 -1
3 5 6 7 8 9 10 11 12 -1
1 6 7 8 9 10 11 12 -1
6 7 8 9 10 -1
1 2 3 4 6 8 -1
8 12 -1
3 4 5 6 8 12 -1
2 3 4 6 7 10 11 12 -1
1 2 5 8 9 10 11 12 -1
4 5 6 10 11 -1
1 3 7 9 11 12 -1
2 3 5 6 7 10 11 12 -1
2 3 4 5 6 8 9 10 11 -1
1 4 8 12 -1
1 2 3 4 7 8 11 -1
1 2 3 4 5 9 10 -1
1 2 4 5 9 11 -1
1 4 5 6 7 8 9 10 11 -1
2 3 4 6 8 11 -1
1 2 4 7 8 9 11 12 -1
1 2 3 7 9 -1
1 3 5 10 11 12 -1
2 4 5 6 8 10 -1
2 3 4 5 6 8 9 10 12 -1
2 3 4 5 6 8 9 10 12 -1
1 2 4 5 6 8 10 11 -1
1 2 4 5 6 11 12 -1
3 4 6 8 10 -1
2 3 5 7 9 11 12 -1
1 3 6 9 10 11 -1
3 4 5 7 8 9 10 12 -1
1 3 4 6 8 10 11 -1
2 3 6 8 9 11 12 -1
3 5 6 7 8 10 11 -1
1 2 4 5 6 9 10 11 -1
4 6 7 8 11 -1
1 2 3 5 6 9 -1
3 4 -1
1 2 3 5 6 8 9 11 -1
1 3 6 7 8 11 -1
1 2 3 4 9 12 -1
3 4 5 7 8 9 -1
2 3 4 10 11 -1
1 4 5 8 9 10 12 -1
8 10 12 -1
3 6 9 11 12 -1
1 6 7 8 9 11 -1
2 3 4 5 8 9 10 11 12 -1
2 7 8 10 11 12 -1
1 2 5 6 9 10 11 -1
2 3 4 7 8 11 -1
3 4 6 8 9 10 11 -1
6 9 10 -1
2 3 4 9 11 12 -1
1 3 5 6 7 9 12 -1
2 4 5 7 11 -1
1 2 3 5 8 9 10 -1
2 3 5 7 8 9 11 -1
3 4 5 7 -1
1 4 10 11 -1
2 4 5 6 10 11 12 -1
2 6 7 9 10 11 12 -1
1 2 4 5 7 8 9 -1
1 2 5 6 8 9 11 12 -1
1 3 4 7 8 9 10 11 12 -1
1 2 4 5 6 7 8 11 12 -1
2 3 4 5 6 8 10 -1
2 3 5 7 8 10 12 -1
1 2 4 6 7 11 -1
3 5 6 10 -1
3 5 6 8 9 11 12 -1
3 5 6 7 8 9 11 12 -1
3 4 5 7 10 11 -1
2 3 5 7 8 9 10 -1
1 7 8 10 -1
1 4 5 6 7 -1
1 5 6 8 9 10 11 -1
1 2 3 9 10 -1
2 4 6 8 9 10 12 -1
9 -1
1 2 7 8 10 11 12 -1
1 3 5 6 10 12 -1
1 2 3 4 7 8 9 -1
1 2 3 5 6 9 10 11 -1
2 3 4 5 6 9 10 12 -1
2 3 4 6 12 -1
1 3 6 7 8 -1
2 8 10 11 12 -1
2 3 4 5 8 9 11 12 -1
1 2 6 8 10 11 12 -1
2 5 6 8 9 10 11 -1
2 3 4 6 8 9 10 12 -1
4 10 11 12 -1
2 3 4 5 8 9 11 12 -1
1 3 5 6 10 11 12 -1
3 5 6 7 9 -1
6 9 10 11 12 -1
1 2 5 7 8 10 11 -1
4 5 8 9 10 12 -1
6 10 -1
1 3 9 10 -1
2 4 7 8 10 12 -1
2 3 4 7 8 -1
1 3 7 9 10 12 -1
2 3 4 6 8 10 -1
1 2 7 8 9 -1
2 4 6 7 12 -1
3 6 7 9 10 -1
2 9 10 -1
3 4 5 6 7 8 9 12 -1
2 3 5 8 -1
3 5 6 8 10 12 -1
9 12 -1
2 3 4 6 7 8 9 11 -1
2 5 6 7 9 12 -1
6 8 10 12 -1
6 7 8 9 10 11 -1
1 2 5 6 8 12 -1
1 5 6 9 11 -1
3 4 6 8 10 12 -1
3 7 11 -1
2 3 7 9 -1
3 4 5 7 11 12 -1
1 4 5 6 9 10 12 -1
1 2 4 7 8 9 10 -1
1 2 3 7 8 9 10 -1
1 3 6 9 10 11 -1
1 3 7 9 12 -1
2 3 4 5 6 10 11 12 -1
1 2 3 4 5 7 8 9 10 12 -1
1 2 3 4 6 7 9 -1
2 4 5 6 9 10 12 -1
1 4 8 11 -1
3 6 9 10 11 -1
1 3 4 5 6 8 -1
1 2 4 6 7 9 -1
2 3 4 6 8 9 10 -1
1 2 4 5 7 8 10 -1
1 2 4 6 7 12 -1
4 5 6 8 -1
1 4 7 8 -1
4 5 8 9 10 11 -1
2 3 4 8 11 -1
2 4 5 6 7 9 11 -1
1 2 3 7 8 11 -1
1 2 4 6 8 9 10 -1
3 4 10 -1
2 4 6 8 9 11 12 -1
3 4 5 6 9 10 11 -1
2 5 10 11 12 -1
3 8 9 10 -1
1 2 5 7 8 10 11 -1
3 4 5 9 10 12 -1
4 6 8 9 10 -1
1 2 3 5 10 11 -1
4 6 7 -1
1 3 5 6 8 9 11 12 -1
3 4 5 9 10 11 12 -1
2 4 5 7 8 10 11 -1
1 3 6 7 8 9 10 11 12 -1
3 4 5 6 11 12 -1
1 2 4 9 11 -1
1 2 4 7 11 -1
4 5 7 11 12 -1
1 3 7 9 10 11 12 -1
3 5 6 9 10 11 -1
3 5 6 7 9 12 -1
1 3 6 7 10 12 -1
1 2 3 5 6 7 12 -1
3 4 7 8 10 -1
4 5 6 9 11 12 -1
2 3 6 7 9 10 -1
1 2 4 8 -1
2 3 7 11 -1
3 5 6 7 8 9 12 -1
2 3 4 5 9 10 -1
2 7 8 -1
4 7 8 9 12 -1
1 5 7 12 -1
3 6 7 10 -1
2 3 6 8 -1
1 2 5 6 7 8 9 10 -1
1 3 4 6 7 8 10 11 12 -1
4 5 7 11 12 -1
1 2 3 4 6 7 8 -1
3 4 5 6 9 10 12 -1
3 6 10 -1
1 5 6 8 9 12 -1
1 2 4 11 12 -1
1 2 4 5 8 11 12 -1
1 3 4 9 -1
1 2 3 5 7 8 11 -1
1 2 3 4 6 7 8 9 -1
1 2 3 5 6 8 10 11 -1
2 5 7 8 9 12 -1
3 5 6 9 11 12 -1
1 2 5 7 9 11 12 -1
5 6 8 10 11 12 -1
1 6 7 8 9 12 -1
3 4 7 11 -1
1 2 3 4 7 12 -1
1 4 6 9 -1
3 4 7 9 10 -1
4 6 10 11 -1
3 12 -1
3 5 6 8 9 10 -1
4 6 7 9 10 11 12 -1
1 6 7 9 12 -1
2 3 8 9 12 -1
3 5 7 8 11 12 -1
1 2 3 4 10 11 -1
1 2 3 7 10 -1
3 4 6 11 -1
5 6 7 8 9 10 12 -1
1 5 8 10 12 -1
1 3 4 6 7 8 9 12 -1
1 2 4 6 9 -1
1 2 9 10 11 -1
1 3 4 6 9 10 -1
4 5 7 8 9 10 11 -1
2 4 5 11 12 -1
4 5 7 8 9 10 -1
3 6 7 10 12 -1
1 7 -1
2 3 4 5 8 10 -1
1 2 3 4 5 6 7 8 11 12 -1
2 4 5 7 10 11 12 -1
1 2 3 4 5 6 9 10 -1
3 4 6 8 11 -1
1 4 7 8 11 12 -1
2 4 6 7 8 9 11 12 -1
1 2 3 9 10 11 12 -1
1 5 7 8 9 -1
4 6 9 11 -1
4 5 8 9 10 11 -1
1 2 3 4 11 12 -1
3 6 8 9 10 12 -1
3 4 6 7 11 12 -1
1 2 4 6 11 12 -1
1 4 5 9 11 -1
1 5 6 7 9 10 12 -1
1 5 6 7 9 12 -1
1 2 3 4 5 6 7 9 10 12 -1
1 3 8 12 -1
4 6 7 10 11 12 -1
2 4 5 7 9 10 11 12 -1
1 3 4 6 7 9 -1
1 2 4 8 12 -1
1 2 4 8 10 11 12 -1
1 2 3 5 7 12 -1
1 2 4 6 7 11 12 -1
1 2 3 4 5 6 7 10 11 -1
1 2 3 4 5 6 10 12 -1
2 3 4 7 8 9 11 12 -1
3 4 5 6 7 -1
1 2 6 7 9 11 12 -1
3 5 7 10 11 12 -1
1 9 10 -1
2 4 7 8 9 11 12 -1
2 3 4 5 7 9 10 11 -1
1 2 4 7 8 11 12 -1
1 5 9 10 11 12 -1
3 8 11 -1
1 5 6 7 9 11 12 -1
2 3 4 5 6 -1
1 2 6 8 10 -1
6 7 10 -1
2 4 6 7 -1
2 6 9 10 11 -1
3 4 5 6 9 11 -1
2 3 5 6 7 8 9 10 12 -1
2 6 8 10 11 12 -1
1 2 4 7 9 11 12 -1
3 4 7 8 9 11 -1
5 8 -1
1 2 3 8 9 10 12 -1
3 5 6 7 8 9 10 11 12 -1
5 11 12 -1
2 4 5 6 7 8 9 -1
1 2 5 8 11 -1
4 6 9 -1
2 4 8 9 10 -1
1 3 5 6 9 11 -1
3 4 6 7 9 12 -1
2 3 6 12 -1
3 4 5 6 7 8 9 10 -1
4 6 7 8 9 11 -1
1 5 6 7 8 9 10 11 12 -1
2 4 6 7 9 -1
2 3 5 6 8 9 10 -1
2 5 6 7 8 10 11 -1
1 2 3 7 8 11 -1
1 2 3 4 5 6 8 9 11 -1
1 7 8 9 -1
1 2 3 4 5 7 8 10 11 12 -1
2 3 5 7 8 9 12 -1
2 3 6 7 8 9 12 -1
1 4 5 6 7 9 12 -1
1 3 6 8 9 10 11 12 -1
1 3 5 7 12 -1
2 3 7 8 11 -1
3 4 6 7 10 -1
5 6 9 12 -1
3 4 5 6 8 9 11 12 -1
1 2 3 5 8 9 10 12 -1
1 2 3 5 6 10 12 -1
9 10 11 12 -1
6 7 8 -1
3 6 7 8 9 11 -1
2 5 7 -1
1 2 3 5 11 12 -1
1 2 4 5 11 12 -1
4 5 7 8 9 10 11 12 -1
1 6 11 -1
1 2 4 6 7 8 10 11 -1
3 9 11 12 -1
2 7 8 11 12 -1
2 5 8 11 12 -1
1 2 3 6 11 -1
4 9 11 -1
3 4 6 7 8 9 10 12 -1
3 5 7 8 12 -1
5 6 9 -1
2 4 10 11 12 -1
2 3 4 5 9 10 12 -1
5 8 10 11 12 -1
1 2 5 6 8 -1
2 8 9 12 -1
1 2 3 7 8 9 -1
4 5 6 7 9 10 -1
3 5 6 7 -1
6 10 11 12 -1
3 4 7 8 9 10 11 -1
4 5 6 9 12 -1
1 2 3 4 6 7 8 9 -1
3 4 5 6 11 12 -1
2 3 4 7 10 -1
2 6 7 9 12 -1
1 4 5 6 7 8 9 10 11 -1
1 2 6 7 10 11 -1
3 5 -1
5 8 9 10 11 12 -1
4 5 6 9 10 11 12 -1
1 2 3 7 -1
3 4 5 6 7 9 10 11 12 -1
1 2 4 5 6 8 9 11 12 -1
2 3 4 5 6 7 8 10 11 -1
7 8 12 -1
1 7 8 10 11 12 -1
3 4 6 7 9 10 11 -1
3 7 12 -1
3 4 5 9 11 12 -1
1 6 8 9 11 -1
2 3 4 5 6 11 -1
4 6 8 12 -1
2 4 5 6 8 10 11 -1
1 -1
2 4 7 9 10 -1
1 2 10 -1
2 3 7 8 9 10 -1
1 2 5 6 7 8 11 12 -1
3 7 9 10 11 12 -1
1 5 6 8 9 10 -1
2 6 7 8 9 10 -1
1 2 4 6 8 10 12 -1
1 2 6 7 8 9 10 11 12 -1
1 2 4 7 10 11 -1
1 4 6 7 8 12 -1
1 2 5 9 10 11 12 -1
1 2 3 5 6 7 9 12 -1
1 2 6 8 -1
1 3 5 8 11 12 -1
1 4 10 -1
4 5 9 10 11 12 -1
9 11 -1
1 4 6 10 12 -1
1 4 6 9 10 11 -1
1 2 5 -1
3 5 7 8 9 11 12 -1
2 6 10 12 -1
1 4 5 9 12 -1
3 4 7 10 12 -1
2 3 4 7 9 10 12 -1
3 5 6 7 8 9 10 11 12 -1
6 8 9 -1
4 9 10 12 -1
1 5 8 10 12 -1
2 3 4 5 6 7 11 -1
1 4 6 -1
2 4 7 8 11 12 -1
2 3 5 6 7 8 12 -1
1 3 5 6 9 -1
1 2 3 4 11 -1
1 3 6 7 12 -1
4 5 7 11 -1
1 3 6 9 10 -1
1 2 3 5 6 7 8 11 -1
1 4 5 6 8 9 11 -1
1 2 4 5 8 10 11 -1
1 2 3 5 9 -1
2 5 6 9 12 -1
1 3 5 9 12 -1
2 5 6 7 10 12 -1
1 4 5 8 9 10 11 -1
2 3 5 9 12 -1
3 6 8 12 -1
1 2 3 4 5 8 9 10 11 12 -1
3 7 8 9 10 11 12 -1
1 2 3 4 6 7 9 11 -1
2 5 12 -1
1 5 6 7 9 -1
2 3 4 5 -1
4 6 8 9 12 -1
5 8 9 10 11 12 -1
3 8 9 10 12 -1
3 5 7 10 12 -1
2 3 4 6 7 8 12 -1
2 4 6 7 8 10 11 12 -1
1 9 -1
2 3 5 7 9 11 -1
1 2 3 5 7 11 12 -1
3 4 6 11 -1
4 10 12 -1
1 6 7 9 10 -1
1 3 4 5 8 9 10 11 -1
2 6 7 9 11 -1
2 3 6 8 11 12 -1
1 2 3 5 7 8 9 -1
1 4 6 7 -1
2 4 6 7 8 9 12 -1
2 4 5 7 8 9 12 -1
1 5 6 8 10 11 -1
1 4 9 10 -1
2 4 8 11 -1
6 7 8 9 10 12 -1
1 4 11 -1
4 5 7 8 -1
1 8 9 10 11 12 -1
2 5 7 -1
7 9 10 12 -1
2 3 4 5 7 8 10 11 -1
2 4 5 6 7 8 10 -1
4 6 9 11 -1
2 3 5 6 8 9 10 12 -1
1 2 3 4 5 6 10 -1
2 5 7 8 9 -1
4 7 8 12 -1
7 9 10 11 -1
5 7 8 9 10 11 -1
1 3 4 7 9 10 11 12 -1
6 10 12 -1
2 5 11 12 -1
1 2 3 5 6 8 9 10 11 -1
1 4 5 6 9 10 -1
1 3 4 5 6 11 12 -1
1 3 4 5 7 9 11 12 -1
3 5 6 7 11 12 -1
4 5 6 7 9 12 -1
1 3 5 6 7 8 9 -1
3 5 8 9 -1
2 3 6 7 8 10 12 -1
1 2 3 6 7 8 9 11 -1
1 4 5 7 10 -1
4 5 11 -1
1 2 3 4 6 10 11 -1
1 5 6 7 9 10 12 -1
7 9 -1
2 4 6 7 10 -1
3 5 6 7 8 12 -1
2 3 5 9 11 -1
2 6 8 9 11 -1
1 2 4 9 12 -1
1 2 5 6 7 8 10 12 -1
2 3 4 5 6 9 10 12 -1
1 2 3 4 5 11 12 -1
3 4 6 7 9 -1
1 2 6 7 10 11 -1
8 9 11 12 -1
4 5 7 11 -1
1 2 5 6 9 11 -1
1 2 6 7 10 11 12 -1
5 7 8 9 10 11 12 -1
1 2 3 4 7 8 -1
3 9 11 -1
1 3 4 6 11 -1
1 2 4 5 8 10 -1
3 4 5 9 11 -1
1 6 9 11 12 -1
1 6 9 12 -1
1 2 7 10 12 -1
1 2 3 4 6 8 9 11 -1
3 7 8 9 10 -1
1 2 5 6 7 8 -1
1 4 5 6 8 10 11 -1
10 12 -1
2 7 10 12 -1
1 3 4 12 -1
1 3 4 5 6 7 9 11 12 -1
3 4 5 6 7 9 -1
1 5 7 9 12 -1
3 4 7 8 11 -1
1 2 3 4 6 7 8 11 12 -1
2 4 5 6 9 12 -1
2 4 5 7 8 9 11 12 -1
2 5 6 8 11 -1
1 3 4 6 7 8 10 -1
3 4 6 8 11 12 -1
2 3 4 9 11 12 -1
1 6 9 11 -1
1 3 4 5 6 7 8 9 11 12 -1
1 3 8 9 10 11 12 -1
5 12 -1
3 4 10 12 -1
2 9 -1
2 3 4 6 7 9 11 -1
1 3 5 7 9 10 11 12 -1
2 3 4 8 9 10 -1
1 2 4 7 8 10 11 -1
1 7 8 9 10 11 12 -1
1 2 4 6 8 -1
4 5 6 7 8 11 12 -1
2 3 4 7 9 10 -1
4 5 9 11 12 -1
4 5 8 9 -1
3 5 9 12 -1
1 3 4 5 6 8 10 12 -1
1 2 4 5 6 9 10 12 -1
2 3 4 5 6 8 12 -1
1 2 3 4 6 7 8 9 11 12 -1
1 2 3 4 5 8 9 12 -1
2 4 5 6 8 10 11 12 -1
1 3 4 9 11 -1
5 6 7 11 -1
1 2 3 5 7 9 11 12 -1
3 5 6 7 10 12 -1
3 4 7 8 12 -1
1 2 5 9 -1
1 2 3 5 7 8 10 -1
6 10 -1
1 2 5 6 7 8 9 10 11 12 -1
1 2 4 6 8 9 10 11 -1
4 5 6 7 8 12 -1
2 3 7 9 11 -1
1 3 4 6 7 8 12 -1
1 3 4 5 6 7 9 12 -1
1 3 4 6 7 10 11 -1
1 4 7 9 -1
1 3 5 6 9 11 -1
2 5 6 7 10 11 12 -1
4 5 10 11 12 -1
1 4 6 7 9 10 11 -1
1 2 3 7 8 9 10 -1
2 3 6 8 9 12 -1
8 9 10 -1
3 5 6 11 12 -1
1 2 3 6 11 -1
4 5 10 -1
1 2 5 6 7 11 12 -1
2 6 7 9 10 12 -1
1 3 4 7 8 9 10 11 12 -1
2 4 5 6 7 9 10 11 12 -1
5 6 7 10 -1
1 2 3 4 5 7 9 10 12 -1
1 2 5 6 8 -1
1 2 4 5 6 7 8 9 10 -1
5 6 7 8 11 -1
1 3 5 6 9 10 -1
3 4 10 -1
3 4 6 7 9 10 -1
1 3 5 7 9 10 11 12 -1
1 2 3 8 -1
1 3 4 5 6 10 11 12 -1
3 4 5 6 8 9 10 -1
3 5 6 7 8 12 -1
1 3 6 7 8 9 10 12 -1
1 3 6 10 11 12 -1
1 4 6 7 10 12 -1
7 8 9 10 -1
3 4 9 10 -1
2 4 6 11 -1
1 4 7 10 11 12 -1
3 4 6 7 8 12 -1
1 2 4 5 6 8 -1
3 5 6 7 9 10 11 -1
3 4 7 9 10 11 12 -1
1 3 4 7 10 11 -1
2 8 11 12 -1
1 3 6 8 9 10 12 -1
1 5 6 7 8 11 12 -1
4 5 6 10 -1
2 3 4 5 7 9 10 11 -1
2 4 5 9 10 11 -1
2 4 7 8 10 12 -1
1 3 5 6 7 10 11 -1
2 4 5 6 7 9 10 11 -1
3 5 7 8 10 11 12 -1
1 2 3 4 5 6 8 9 10 -1
1 5 6 9 10 12 -1
1 2 5 7 9 10 -1
4 5 6 9 11 12 -1
1 2 3 4 5 6 7 8 9 10 11 -1
2 4 5 9 11 12 -1
1 4 6 9 10 -1
1 2 5 6 9 10 -1
5 7 8 9 10 12 -1
1 6 7 8 9 10 11 -1
1 3 4 6 8 10 11 12 -1
1 3 4 6 8 10 -1
2 4 5 6 8 10 12 -1
1 4 5 6 7 8 9 -1
2 3 4 5 6 8 9 12 -1
2 3 4 6 11 -1
1 2 3 4 7 8 10 12 -1
1 2 5 6 9 10 11 12 -1
1 2 4 6 7 9 10 11 12 -1
2 6 7 8 12 -1
4 7 8 10 11 -1
1 2 7 9 11 12 -1
1 2 3 4 5 6 7 8 10 11 -1
1 4 5 6 11 12 -1
1 5 6 9 10 11 -1
6 7 10 12 -1
1 4 5 7 9 -1
1 2 4 6 7 8 12 -1
2 3 6 8 10 11 12 -1
1 2 3 5 8 9 10 12 -1
1 3 6 7 10 12 -1
1 2 3 4 6 8 12 -1
2 3 4 6 7 8 9 10 11 -1
2 5 6 10 11 12 -1
4 6 7 12 -1
1 4 5 7 10 11 12 -1
1 2 3 5 6 7 9 11 -1
1 3 4 6 10 11 -1
4 6 8 11 -1
1 4 6 7 11 12 -1
3 7 8 10 -1
2 4 5 6 8 -1
7 8 9 10 -1
1 2 3 7 8 9 10 11 -1
2 3 5 7 8 12 -1
1 4 5 7 8 9 10 11 -1
1 3 5 7 11 12 -1
2 3 4 5 8 -1
2 3 9 10 12 -1
2 3 6 8 -1
1 3 5 6 8 11 12 -1
1 7 10 11 12 -1
5 6 10 12 -1
1 3 4 5 7 9 10 12 -1
4 5 8 10 -1
1 4 7 8 9 11 -1
1 2 5 6 7 8 9 10 -1
1 2 5 8 9 12 -1
1 3 6 7 8 12 -1
1 2 5 6 7 8 9 10 11 12 -1
1 5 6 9 10 11 -1
2 4 5 8 10 11 12 -1
1 4 8 9 10 -1
1 3 6 7 8 10 -1
2 3 6 7 9 11 12 -1
1 3 5 6 7 11 -1
3 4 7 9 10 -1
5 6 9 10 11 12 -1
1 4 5 6 7 10 11 12 -1
1 3 4 7 10 -1
1 4 7 8 10 11 -1
1 4 7 9 11 12 -1
1 2 3 5 6 8 10 12 -1
1 5 6 7 10 12 -1
1 2 3 4 6 8 9 10 -1
1 5 7 8 11 -1
6 11 12 -1
1 2 3 4 5 6 9 12 -1
1 2 3 5 8 9 10 12 -1
4 9 10 -1
3 6 9 10 -1
4 5 6 7 9 11 -1
3 8 11 12 -1
1 3 6 7 11 -1
1 2 4 5 8 10 -1
3 4 6 11 -1
10 11 -1
1 2 4 5 8 9 12 -1
2 4 6 7 11 12 -1
1 3 5 12 -1
2 3 4 7 9 11 -1
1 2 6 7 8 9 10 11 12 -1
1 8 11 -1
2 5 8 11 -1
5 6 8 -1
1 4 6 7 11 -1
1 2 3 4 7 8 9 10 12 -1
1 4 8 9 10 12 -1
4 5 6 9 10 11 -1
2 3 4 5 6 8 9 10 11 -1
1 2 3 4 5 9 11 -1
4 5 7 8 10 11 12 -1
2 6 9 11 -1
1 4 5 7 8 11 -1
1 2 4 6 8 9 10 11 -1
4 5 8 9 -1
1 2 4 8 9 12 -1
1 3 6 10 12 -1
3 4 5 6 9 10 12 -1
1 2 3 5 6 8 10 -1
1 3 4 6 7 8 11 12 -1
1 2 4 6 10 -1
1 2 3 4 5 6 10 11 12 -1
5 6 9 10 11 -1
1 6 8 10 11 12 -1
1 2 4 6 8 10 12 -1
2 9 10 12 -1
4 6 8 9 10 11 12 -1
1 3 4 5 6 7 12 -1
2 3 4 6 10 11 -1
1 8 10 -1
1 4 6 8 10 12 -1
1 2 3 4 5 6 7 8 -1
3 4 7 8 9 12 -1
2 4 6 8 11 -1
1 3 5 6 7 10 11 -1
2 4 6 10 11 12 -1
3 4 7 9 10 -1
5 7 9 11 -1
1 3 4 5 6 7 9 12 -1
1 3 5 7 11 -1
1 4 5 6 7 12 -1
1 2 8 10 -1
1 9 10 11 -1
1 4 7 9 10 11 -1
2 3 4 5 7 8 11 12 -1
3 4 5 9 11 12 -1
2 6 8 9 -1
3 4 5 6 8 9 11 12 -1
2 4 7 8 9 11 -1
1 3 4 5 6 7 10 11 12 -1
3 6 9 12 -1
9 10 11 12 -1
1 2 3 4 7 8 9 11 12 -1
4 6 7 8 9 11 12 -1
1 5 6 8 10 -1
4 5 8 10 11 12 -1
3 4 5 6 7 9 10 11 -1
2 3 4 8 12 -1
2 3 8 9 10 11 -1
4 8 9 -1
1 3 6 8 9 10 11 -1
3 4 5 8 9 10 11 12 -1
1 5 8 9 11 12 -1
1 2 4 5 7 -1
1 5 7 8 10 -1
2 3 4 5 8 10 -1
2 4 7 8 9 12 -1
2 5 7 8 9 -1
1 2 3 5 8 9 10 11 -1
2 4 5 8 9 10 -1
1 2 3 4 7 8 9 10 -1
1 2 4 5 6 8 11 12 -1
3 5 6 8 9 12 -1
3 5 8 9 10 11 -1
2 4 5 6 7 8 -1
3 4 5 7 10 -1
1 2 3 6 7 8 10 -1
1 4 5 7 8 10 11 -1
1 4 6 7 8 10 11 12 -1
4 6 7 8 10 12 -1
1 5 9 10 11 12 -1
1 2 5 7 8 9 -1
3 5 6 7 12 -1
2 3 5 6 7 9 -1
1 4 6 7 9 11 12 -1
3 5 10 12 -1
1 3 4 5 7 12 -1
1 2 3 4 6 11 12 -1
1 2 3 4 5 7 8 9 10 -1
1 3 6 7 10 -1
2 3 5 7 8 10 12 -1
2 3 4 6 10 -1
1 2 3 4 8 9 11 12 -1
1 2 4 5 6 7 12 -1
7 8 9 10 11 -1
1 3 4 6 7 10 11 -1
1 2 7 9 10 11 12 -1
5 8 11 12 -1
1 3 6 8 10 11 12 -1
1 2 5 6 8 10 11 -1
1 4 6 9 11 -1
1 3 5 6 7 11 12 -1
1 3 5 12 -1
2 5 6 9 11 -1
3 4 5 6 8 9 11 -1
3 4 5 7 8 9 10 11 12 -1
5 6 8 12 -1
1 2 4 5 10 11 12 -1
1 2 3 4 6 12 -1
1 2 5 6 7 8 -1
3 6 11 -1
1 3 4 9 10 11 12 -1
3 4 5 6 8 10 -1
2 3 5 7 8 9 -1
2 3 8 9 10 11 -1
1 4 6 8 -1
1 2 3 6 8 10 11 12 -1
3 4 5 6 7 8 9 11 12 -1
1 4 8 10 11 -1
3 4 5 6 7 8 9 11 12 -1
1 2 4 5 6 7 10 -1
3 6 8 9 10 12 -1
3 5 7 8 12 -1
2 5 9 12 -1
1 2 4 5 6 9 12 -1
1 2 4 6 9 10 -1
1 4 6 9 10 11 -1
5 -1
1 2 6 7 8 9 -1
1 2 3 7 8 9 10 -1
4 5 9 10 11 12 -1
3 10 11 -1
2 4 6 7 8 9 -1
1 3 4 7 9 10 -1
1 2 3 4 5 6 10 11 12 -1
2 4 6 10 11 -1
2 4 6 7 -1
7 10 11 12 -1
1 3 4 6 7 12 -1
1 2 3 6 7 10 11 -1
7 8 9 10 12 -1
3 6 9 10 11 -1
1 3 4 8 9 10 11 12 -1
2 3 4 5 8 12 -1
4 6 8 11 12 -1
2 5 6 7 8 9 12 -1
2 4 5 6 7 8 9 10 11 12 -1
1 4 7 8 9 10 11 -1
1 4 5 9 12 -1
1 2 4 7 -1
2 3 7 8 9 10 12 -1
1 4 5 8 9 10 -1
1 2 3 4 5 6 7 9 10 12 -1
2 3 7 9 11 -1
3 5 10 11 -1
1 2 8 9 10 11 -1
1 2 5 7 8 10 11 12 -1
1 8 9 10 -1
1 3 4 5 7 8 9 12 -1
2 4 5 7 8 9 10 11 12 -1
1 3 4 5 6 7 8 9 11 12 -1
1 2 3 4 5 6 9 10 11 -1
1 3 4 7 8 9 11 -1
4 5 6 7 8 -1
1 5 6 7 8 11 -1
1 3 6 7 9 10 12 -1
1 4 9 11 12 -1
1 3 4 5 7 10 12 -1
1 2 4 5 6 9 10 -1
1 3 4 6 7 12 -1
3 4 7 8 10 12 -1
2 6 11 12 -1
1 3 4 5 9 12 -1
2 3 4 7 8 9 10 11 12 -1
1 4 8 9 -1
2 4 5 7 9 11 -1
3 6 7 8 9 10 11 12 -1
2 4 5 6 7 9 -1
1 2 3 4 5 7 9 10 -1
4 6 7 9 11 12 -1
1 2 3 4 5 7 9 10 11 12 -1
2 4 9 -1
2 4 5 7 8 9 10 -1
1 3 5 8 9 11 -1
1 2 6 10 -1
1 4 5 7 9 10 11 12 -1
1 3 4 7 12 -1
1 2 5 6 7 9 10 11 -1
2 3 5 6 7 8 9 -1
1 5 11 12 -1
1 2 7 8 11 12 -1
2 4 6 7 8 9 10 -1
3 5 6 11 -1
1 2 4 5 8 9 10 11 12 -1
3 4 6 10 11 12 -1
6 7 11 -1
4 5 8 9 10 11 12 -1
1 2 4 5 7 10 12 -1
1 3 7 9 -1
4 7 10 11 12 -1
3 7 9 -1
1 4 6 7 8 9 -1
1 4 9 12 -1
1 2 10 11 12 -1
2 6 7 8 9 10 12 -1
2 3 4 6 7 8 9 10 -1
2 3 4 5 11 -1
3 4 -1
2 5 6 8 10 -1
3 4 5 7 8 9 10 11 -1
2 3 6 9 10 -1
2 4 7 8 9 10 12 -1
1 3 4 7 8 11 -1
3 4 5 6 9 10 11 12 -1
2 3 4 7 8 9 -1
1 3 4 6 8 10 11 -1
1 5 6 8 12 -1
1 5 6 7 10 11 12 -1
4 6 7 8 9 10 -1
1 2 3 5 7 9 11 -1
5 7 9 11 12 -1
1 2 3 4 5 6 9 10 11 12 -1
2 5 6 10 -1
1 9 10 11 -1
1 2 3 5 7 9 12 -1
1 2 3 8 9 10 12 -1
7 8 9 12 -1
1 4 -1
1 2 5 8 9 12 -1
1 2 3 6 8 9 11 -1
1 4 8 12 -1
1 3 5 6 11 -1
1 4 5 6 9 -1
1 4 5 6 7 9 11 12 -1
3 6 7 9 11 -1
2 6 8 10 11 12 -1
2 3 7 10 11 12 -1
2 3 4 5 6 7 8 9 11 12 -1
1 3 6 7 -1
1 3 5 7 8 9 12 -1
1 10 12 -1
2 3 4 10 -1
2 3 4 8 10 12 -1
1 3 6 7 9 10 12 -1
2 4 7 10 -1
1 2 6 7 9 11 12 -1
2 4 5 6 7 8 10 -1
2 3 4 9 11 -1
3 4 5 6 7 8 11 12 -1
1 2 5 6 7 8 11 12 -1
1 2 4 6 7 10 12 -1
3 10 12 -1
2 3 4 7 8 10 -1
1 4 5 6 7 8 9 12 -1
1 9 10 11 -1
2 3 7 10 12 -1
2 3 6 7 10 -1
8 10 11 -1
2 3 6 7 8 9 10 11 12 -1
2 5 7 8 9 -1
1 3 4 6 10 12 -1
4 7 10 11 12 -1
2 3 4 5 6 7 10 -1
3 5 7 9 12 -1
1 2 4 6 7 8 9 10 -1
3 4 5 6 7 8 9 10 12 -1
1 3 4 5 6 9 -1
2 3 4 5 6 8 10 12 -1
3 7 10 11 12 -1
2 6 8 9 10 -1
1 3 4 7 8 9 10 11 -1
1 5 6 9 12 -1
2 4 6 7 10 -1
2 3 4 5 7 8 9 10 11 12 -1
1 5 7 8 9 -1
1 2 4 7 10 -1
3 4 6 7 8 9 10 11 -1
1 3 4 5 9 10 -1
1 2 3 5 8 10 11 -1
5 6 8 12 -1
2 12 -1
2 4 8 11 12 -1
4 6 -1
1 2 3 4 6 8 9 10 11 12 -1
2 3 6 7 9 10 11 12 -1
4 5 6 9 10 -1
1 2 3 5 8 11 -1
1 3 6 8 10 11 12 -1
2 5 6 8 10 12 -1
3 7 9 10 -1
2 6 8 9 10 -1
8 10 12 -1
2 3 8 9 -1
3 4 11 12 -1
5 9 10 -1
1 4 5 7 8 9 10 12 -1
1 7 8 10 -1
1 4 6 8 9 11 12 -1
1 2 6 10 12 -1
1 2 5 8 9 10 12 -1
2 3 7 8 9 -1
1 2 5 6 7 9 11 -1
1 2 3 5 7 8 11 -1
1 2 4 5 6 7 8 11 12 -1
1 2 6 7 8 9 10 11 -1
2 3 5 6 7 8 -1
1 2 5 8 9 10 12 -1
3 5 9 12 -1
4 7 10 -1
1 4 5 7 -1
2 6 7 11 12 -1
1 2 3 5 8 9 12 -1
1 3 7 8 -1
1 2 3 6 7 8 11 -1
3 4 5 6 8 9 -1
1 2 4 5 8 11 -1
1 2 5 9 10 -1
1 2 3 4 7 8 9 11 12 -1
8 9 10 12 -1
1 7 8 10 11 -1
1 2 3 4 5 6 8 9 10 11 12 -1
1 3 4 6 8 -1
1 4 5 8 9 12 -1
1 2 9 10 11 12 -1
1 3 4 5 10 -1
1 4 9 10 11 -1
2 4 5 6 7 8 9 11 -1
2 3 4 5 6 12 -1
1 3 7 10 -1
2 3 5 7 10 12 -1
4 9 10 -1
1 5 9 10 11 12 -1
5 6 9 11 -1
1 4 5 6 7 8 9 11 12 -1
2 3 5 8 9 10 12 -1
4 5 8 10 -1
3 6 7 8 9 10 -1
1 2 4 7 9 10 -1
1 5 6 9 10 11 -1
1 6 8 10 11 -1
1 3 4 6 7 -1
1 3 4 7 8 9 12 -1
1 3 5 6 8 9 -1
4 9 10 11 -1
5 9 10 12 -1
2 3 6 11 12 -1
1 2 3 4 5 7 9 10 -1
3 4 6 7 9 11 12 -1
3 5 6 7 8 9 10 12 -1
1 2 3 5 6 7 9 12 -1
1 2 4 5 8 9 11 -1
2 4 11 -1
1 4 9 10 11 12 -1
4 5 8 11 12 -1
3 4 6 7 8 9 -1
2 3 5 6 7 8 9 12 -1
4 5 6 11 -1
1 3 4 5 7 8 10 12 -1
6 7 8 12 -1
1 3 4 9 11 -1
2 5 6 8 9 10 12 -1
2 3 5 6 8 10 11 12 -1
2 3 4 5 6 9 10 11 -1
2 4 5 7 8 12 -1
1 3 6 7 9 -1
3 4 5 7 11 12 -1
3 5 8 9 11 12 -1
1 3 5 6 7 8 11 12 -1
1 2 4 5 6 7 8 10 12 -1
3 4 8 -1
2 5 6 -1
3 6 10 -1
1 5 8 11 12 -1
6 11 -1
3 4 5 6 8 11 12 -1
1 4 5 7 8 9 11 -1
1 4 5 10 11 -1
2 3 6 7 9 11 -1
1 2 3 5 6 10 -1
5 8 10 -1
1 2 3 6 8 11 12 -1
1 6 9 10 -1
1 2 4 5 10 -1
2 5 8 10 11 -1
5 6 7 9 10 -1
4 6 7 9 10 11 12 -1
2 3 5 6 7 8 9 11 -1
2 3 4 7 8 -1
3 4 10 11 12 -1
1 3 5 6 7 8 10 12 -1
1 4 6 9 10 12 -1
1 2 4 5 6 7 12 -1
1 5 6 7 9 10 12 -1
1 5 6 8 11 12 -1
1 4 5 6 7 8 9 10 11 -1
3 4 6 7 8 12 -1
1 3 6 9 12 -1
1 2 4 5 9 10 -1
1 2 3 4 7 8 11 12 -1
1 2 4 7 8 -1
2 4 7 8 10 -1
1 2 6 7 9 12 -1
1 2 3 4 9 -1
1 3 4 7 10 12 -1
1 3 4 11 -1
4 6 7 8 9 10 11 -1
7 10 11 12 -1
1 3 4 5 6 7 8 9 11 -1
2 4 5 6 8 11 12 -1
2 3 4 5 6 7 12 -1
3 5 6 8 10 11 12 -1
2 5 8 11 12 -1
5 9 -1
1 2 3 4 6 7 8 12 -1
1 3 6 7 11 12 -1
1 8 11 12 -1
1 2 5 6 8 9 11 -1
1 2 4 5 7 10 -1
2 9 12 -1
1 2 4 5 7 9 -1
2 3 7 8 10 11 -1
1 2 3 4 9 10 -1
2 3 4 6 9 11 -1
3 5 6 7 8 9 11 12 -1
5 6 7 12 -1
3 5 8 -1
1 6 8 9 10 12 -1
2 3 4 6 10 11 -1
2 4 8 11 12 -1
3 5 8 9 12 -1
1 6 7 9 10 11 12 -1
1 2 3 6 9 11 -1
2 4 5 7 8 9 10 12 -1
1 2 4 6 7 9 11 12 -1
1 2 4 5 6 7 9 10 -1
2 5 7 8 9 10 -1
1 6 9 11 12 -1
2 3 4 5 6 8 9 -1
1 2 3 5 7 8 10 12 -1
1 3 5 7 10 12 -1
1 3 5 6 11 -1
1 2 4 9 -1
1 4 6 8 10 11 12 -1
4 5 9 -1
1 2 5 6 8 10 12 -1
2 4 5 7 8 9 10 11 -1
3 6 7 -1
2 3 6 7 8 9 11 -1
4 6 9 10 11 -1
4 5 7 8 12 -1
4 7 8 10 11 -1
1 2 3 4 6 7 8 9 12 -1
1 4 5 8 10 11 12 -1
1 2 4 5 6 8 9 10 12 -1
3 7 11 12 -1
1 3 5 7 8 11 12 -1
2 4 5 6 7 9 11 -1
2 4 8 11 -1
3 4 5 6 8 9 10 11 12 -1
4 5 6 8 9 11 12 -1
3 4 7 8 9 10 -1
2 4 6 7 8 9 10 11 -1
1 2 5 6 10 11 -1
1 3 5 7 9 10 -1
2 6 8 9 10 -1
1 3 4 9 10 11 12 -1
3 5 7 9 10 12 -1
1 2 3 5 6 7 -1
4 6 7 -1
2 5 6 9 10 -1
2 5 6 7 9 12 -1
1 2 4 8 11 12 -1
2 3 4 7 8 9 12 -1
1 3 4 6 9 11 12 -1
1 2 3 12 -1
3 6 7 9 11 -1
5 10 11 -1
2 3 5 8 10 11 -1
2 3 5 9 11 -1
1 2 4 6 9 10 -1
3 6 7 11 -1
1 3 5 9 10 11 12 -1
1 2 5 6 8 9 11 -1
5 7 12 -1
2 6 7 9 10 -1
2 9 10 -1
2 6 11 12 -1
1 4 6 7 8 -1
2 3 4 5 6 7 8 9 11 -1
3 4 7 9 10 11 12 -1
2 3 5 7 9 11 -1
2 3 6 9 10 -1
2 4 7 11 -1
5 11 -1
3 6 10 11 -1
3 5 9 10 12 -1
1 2 4 6 11 -1
1 3 7 9 11 12 -1
1 2 3 5 6 9 12 -1
2 5 7 8 -1
1 2 3 8 10 12 -1
1 5 6 8 11 -1
4 8 -1
4 7 8 9 10 -1
1 3 4 6 8 9 11 -1
2 5 6 7 9 10 -1
2 3 4 5 6 9 -1
1 5 6 7 8 9 10 12 -1
2 3 5 6 8 9 11 -1
1 3 4 8 12 -1
2 3 5 6 7 8 9 12 -1
2 3 4 5 8 9 10 12 -1
2 11 12 -1
3 6 7 9 -1
1 3 7 10 11 -1
3 4 10 -1
1 3 7 8 10 11 12 -1
1 4 6 8 10 -1
1 3 7 11 -1
2 4 6 7 8 10 11 12 -1
1 2 4 5 9 10 -1
1 2 3 6 8 10 11 -1
6 7 8 9 11 -1
1 2 3 7 11 -1
2 5 6 8 10 -1
1 6 7 8 12 -1
4 5 6 7 8 9 10 11 -1
1 3 4 5 7 11 -1
1 4 5 6 7 9 10 11 -1
2 3 4 5 7 9 -1
3 4 6 8 9 11 12 -1
1 3 5 6 7 8 12 -1
1 2 7 8 10 -1
3 4 5 7 8 10 -1
2 3 4 5 6 7 8 9 10 12 -1
2 3 6 7 10 -1
3 4 5 6 7 9 12 -1
1 2 4 5 8 10 12 -1
1 2 3 9 10 11 -1
1 3 6 9 -1
1 3 4 6 9 12 -1
1 6 7 11 12 -1
2 4 7 8 9 10 11 12 -1
1 2 3 8 12 -1
2 6 7 10 11 -1
2 4 6 8 9 12 -1
3 4 6 7 9 10 11 -1
1 4 8 9 10 -1
2 4 9 -1
1 3 4 5 7 9 -1
2 3 6 7 8 9 10 12 -1
2 5 8 9 10 11 -1
1 3 4 5 7 8 9 10 -1
1 2 3 5 7 9 12 -1
1 6 11 12 -1
2 3 7 8 10 11 -1
1 2 5 7 9 -1
2 8 9 12 -1
2 3 10 11 12 -1
2 5 6 10 12 -1
1 2 4 5 7 11 12 -1
1 3 4 5 7 8 9 10 11 12 -1
3 4 5 8 10 -1
1 7 8 10 11 12 -1
1 3 4 6 7 8 9 10 12 -1
1 2 4 5 6 8 9 11 -1
3 4 8 11 12 -1
1 2 4 7 8 10 11 -1
1 2 3 4 7 8 9 12 -1
1 2 3 5 6 7 8 10 11 -1
4 7 8 11 -1
1 4 5 11 -1
1 2 3 4 8 9 11 12 -1
3 5 7 8 10 -1
3 4 5 7 9 10 -1
3 4 5 9 12 -1
4 7 8 9 10 -1
1 2 3 4 5 6 7 8 10 12 -1
2 3 7 9 10 12 -1
4 5 8 10 -1
1 3 8 11 -1
2 3 4 7 8 10 11 -1
2 3 4 5 7 8 11 12 -1
1 4 6 10 12 -1
1 2 5 6 8 9 10 12 -1
7 10 11 -1
1 3 5 7 8 9 11 -1
2 5 6 7 8 9 -1
4 10 -1
1 3 4 8 10 11 -1
2 4 5 7 9 12 -1
1 3 4 7 10 11 12 -1
5 10 11 -1
2 3 4 6 7 8 9 10 11 -1
1 7 9 -1
2 3 4 7 8 -1
1 4 5 6 8 11 -1
1 2 5 6 7 9 11 -1
1 3 4 6 9 12 -1
3 5 10 12 -1
2 3 4 7 8 9 11 -1
2 6 8 9 10 11 -1
3 5 6 7 9 10 12 -1
1 8 10 12 -1
6 7 9 12 -1
3 5 6 7 8 9 -1
2 4 5 8 -1
1 3 4 8 9 10 11 -1
1 2 6 7 10 12 -1
1 3 7 12 -1
1 7 9 10 11 12 -1
4 7 9 10 12 -1
1 5 7 9 -1
1 2 4 5 6 7 9 10 11 -1
2 9 -1
1 2 6 7 8 9 10 -1
2 5 -1
1 3 5 6 7 9 11 12 -1
1 3 6 8 9 10 11 -1
5 6 7 8 12 -1
1 2 4 5 8 9 10 11 12 -1
1 9 10 12 -1
1 4 7 11 -1
1 3 5 6 8 9 10 11 12 -1
3 4 10 11 12 -1
1 2 6 8 9 12 -1
1 2 3 9 12 -1
1 5 6 7 8 9 10 12 -1
1 3 4 5 6 7 11 12 -1
1 3 8 11 -1
2 5 7 8 9 -1
3 6 7 8 9 10 12 -1
1 2 3 5 6 7 10 -1
3 4 5 6 8 -1
1 2 5 10 11 12 -1
4 5 7 11 12 -1
6 7 8 10 -1
5 11 -1
1 2 4 5 7 11 12 -1
1 6 8 9 10 11 12 -1
1 5 6 9 10 12 -1
1 2 3 6 7 8 9 12 -1
1 4 8 9 11 -1
4 5 6 7 9 12 -1
1 3 4 6 7 11 -1
5 8 10 11 -1
3 4 5 7 8 12 -1
2 3 6 7 8 10 11 12 -1
2 3 4 5 6 7 11 12 -1
2 3 5 6 8 9 12 -1
1 2 5 7 8 10 11 12 -1
3 6 8 9 10 11 -1
6 10 -1
1 4 5 6 7 8 9 10 11 -1
1 2 3 5 6 7 8 9 10 -1
2 4 6 9 11 -1
2 5 7 11 12 -1
3 4 6 7 12 -1
1 3 5 6 7 10 -1
1 2 4 6 7 -1
3 4 6 10 11 -1
1 6 9 -1
2 5 6 9 11 -1
2 5 6 7 12 -1
3 4 5 9 12 -1
1 2 3 4 5 6 7 10 -1
1 3 4 6 7 10 -1
1 4 5 8 -1
2 4 6 7 9 -1
2 6 8 10 12 -1
1 2 7 8 9 10 -1
1 2 7 11 -1
1 4 5 6 7 8 9 10 -1
2 3 5 7 9 11 -1
3 4 9 11 -1
2 4 8 9 11 12 -1
3 4 6 8 10 12 -1
1 3 4 5 6 7 8 11 12 -1
2 6 7 10 12 -1
4 5 6 8 12 -1
1 3 6 8 9 11 12 -1
3 6 9 12 -1
3 11 12 -1
1 2 5 6 7 11 -1
2 3 6 7 10 11 12 -1
1 2 6 7 8 11 -1
2 3 4 10 -1
1 3 4 5 7 8 10 11 -1
2 3 4 5 6 7 10 11 -1
1 2 3 4 5 6 10 12 -1
1 2 9 12 -1
3 5 7 10 12 -1
3 4 5 8 9 10 11 -1
1 4 10 11 -1
2 6 8 9 12 -1
2 5 8 12 -1
1 8 9 10 -1
6 7 8 10 11 -1
2 3 7 9 10 12 -1
1 2 3 4 5 6 9 -1
1 2 3 5 8 9 12 -1
2 3 4 5 7 8 11 12 -1
1 2 5 10 11 12 -1
2 3 4 5 6 7 9 10 11 12 -1
3 9 12 -1
1 2 4 5 6 8 9 11 12 -1
1 3 4 5 7 9 -1
2 6 7 8 10 -1
3 4 5 6 8 9 12 -1
2 3 9 12 -1
2 3 4 5 6 7 8 10 11 12 -1
6 7 8 9 10 11 12 -1
1 3 4 5 7 8 12 -1
1 3 4 5 6 7 9 -1
1 3 5 6 8 9 -1
2 4 5 8 9 11 -1
1 3 4 6 7 10 12 -1
7 8 10 12 -1
2 3 4 8 10 12 -1
1 3 4 5 10 12 -1
2 3 8 10 -1
1 7 8 9 -1
1 2 6 7 10 11 12 -1
1 2 5 9 11 12 -1
1 3 5 6 7 10 12 -1
4 6 9 10 -1
3 4 7 9 10 12 -1
3 4 5 7 9 10 12 -1
1 5 7 8 11 12 -1
1 2 3 7 8 10 11 -1
3 4 6 7 8 10 11 -1
2 5 8 11 -1
2 4 5 6 8 10 11 -1
1 2 3 5 6 8 10 -1
1 3 4 6 8 11 -1
2 3 5 6 7 10 11 12 -1
2 4 5 9 10 -1
1 2 3 10 11 12 -1
1 4 6 7 9 -1
1 3 8 9 11 12 -1
1 2 3 4 5 6 7 8 -1
1 3 4 6 10 -1
1 2 3 4 6 8 9 11 12 -1
1 4 5 6 8 9 10 12 -1
1 3 4 7 10 11 -1
1 2 6 7 8 11 12 -1
1 2 3 5 6 11 12 -1
2 3 4 6 8 9 12 -1
2 4 5 7 11 12 -1
2 5 6 11 12 -1
1 2 3 6 9 10 11 12 -1
1 6 7 8 9 10 -1
1 10 11 -1
1 2 4 10 12 -1
1 5 8 9 10 -1
1 4 6 8 9 11 -1
1 2 5 6 9 10 12 -1
1 2 4 7 9 10 12 -1
1 3 4 5 7 8 11 12 -1
1 2 3 7 11 12 -1
1 2 3 9 10 11 -1
1 2 3 5 6 7 10 12 -1
5 6 7 10 11 12 -1
1 2 6 7 10 12 -1
2 4 5 6 8 9 -1
2 3 4 9 10 12 -1
2 4 5 7 8 10 12 -1
1 2 3 6 7 12 -1
1 2 3 8 12 -1
3 6 8 9 11 12 -1
1 2 8 10 11 -1
1 3 7 8 -1
3 6 12 -1
1 10 -1
1 5 8 9 -1
1 5 6 7 8 10 11 -1
2 3 5 7 8 10 11 12 -1
1 2 3 6 8 9 10 -1
4 6 7 10 12 -1
1 2 3 7 10 11 -1
3 5 7 10 11 -1
2 4 7 12 -1
3 5 -1
1 4 5 7 9 -1
1 2 4 6 9 10 11 12 -1
3 5 7 10 11 -1
1 2 4 5 7 -1
1 3 4 6 10 11 12 -1
6 9 10 11 12 -1
5 7 8 9 -1
2 3 5 6 8 11 -1
4 5 6 7 8 10 -1
2 3 6 7 8 9 11 -1
1 2 3 4 5 6 8 9 11 12 -1
2 3 4 5 6 7 9 10 12 -1
1 2 3 10 11 -1
1 5 8 9 10 11 -1
1 2 6 8 9 10 12 -1
3 6 8 9 10 -1
1 5 7 9 10 11 -1
1 2 3 5 6 7 8 10 -1
1 3 6 7 8 10 11 -1
1 2 3 4 7 8 10 12 -1
1 3 4 5 6 7 10 11 -1
1 3 4 6 10 11 12 -1
1 2 3 6 7 8 9 -1
1 3 8 9 10 11 12 -1
1 4 5 7 8 9 11 12 -1
1 2 3 4 7 10 -1
1 4 8 11 -1
3 5 7 10 11 -1
1 2 4 5 8 9 10 12 -1
3 5 6 12 -1
1 4 5 8 12 -1
1 2 4 5 7 8 9 11 12 -1
3 5 7 9 12 -1
5 6 8 12 -1
2 7 9 11 -1
1 2 3 5 6 9 11 12 -1
1 2 5 7 -1
1 2 3 4 7 8 10 12 -1
5 6 7 10 12 -1
3 5 7 8 9 12 -1
1 3 4 5 6 7 12 -1
1 4 6 7 10 11 -1
1 3 4 6 9 12 -1
1 3 8 11 -1
2 3 5 8 10 12 -1
1 2 3 4 5 8 10 11 -1
1 2 7 9 11 -1
1 4 7 8 9 10 12 -1
1 4 -1
2 3 5 6 7 9 10 12 -1
1 2 3 4 6 10 11 12 -1
1 2 3 4 6 8 11 -1
3 4 7 8 9 11 -1
3 4 5 8 -1
1 2 6 7 -1
2 7 8 -1
1 2 3 4 5 9 11 -1
5 7 8 10 -1
3 5 9 10 12 -1
2 4 5 6 12 -1
1 3 4 6 12 -1
2 3 5 7 8 9 10 11 12 -1
1 2 3 4 6 8 10 11 -1
1 2 6 7 8 10 11 -1
1 2 3 4 5 9 10 12 -1
1 3 4 7 12 -1
1 5 8 10 12 -1
2 8 9 10 -1
4 6 9 12 -1
2 3 4 5 6 8 9 10 12 -1
3 4 6 12 -1
1 3 4 8 9 10 -1
1 2 5 7 8 9 12 -1
4 5 8 12 -1
2 3 7 12 -1
1 5 6 10 11 12 -1
1 3 8 9 12 -1
2 3 5 7 9 11 -1
1 2 4 7 9 10 11 -1
1 3 8 9 12 -1
4 6 9 10 11 -1
2 3 4 5 6 7 9 10 -1
1 2 3 4 5 6 7 9 10 12 -1
1 3 4 6 9 10 11 -1
2 5 6 9 10 -1
1 3 5 6 8 11 -1
1 2 4 5 7 8 12 -1
4 6 8 9 10 11 12 -1
1 2 3 4 5 7 8 11 12 -1
1 2 3 5 6 7 9 12 -1
1 4 8 10 12 -1
3 5 7 8 9 11 12 -1
2 4 7 8 9 11 12 -1
2 3 5 6 8 11 12 -1
1 3 4 5 7 8 10 11 -1
2 5 6 7 11 -1
2 3 8 9 10 11 12 -1
3 7 10 11 12 -1
1 3 5 10 11 12 -1
2 3 4 5 7 9 12 -1
1 4 5 6 11 -1
1 2 7 12 -1
1 2 5 7 8 9 12 -1
1 3 5 6 8 10 11 -1
1 2 3 4 5 6 7 8 9 10 11 12 -1
2 5 7 8 9 10 11 -1
5 6 7 8 11 -1
2 3 5 6 7 10 12 -1
2 3 4 -1
1 2 6 8 11 12 -1
1 3 4 7 9 10 11 12 -1
1 3 6 7 9 10 -1
2 3 4 7 8 10 11 -1
1 2 3 7 9 10 11 12 -1
1 5 6 11 12 -1
2 7 8 9 -1
1 5 6 11 12 -1
1 3 6 8 -1
1 5 7 10 11 -1
1 3 4 6 7 11 12 -1
1 2 8 10 12 -1
1 2 5 6 7 8 12 -1
2 6 7 9 10 -1
2 11 12 -1
3 5 7 8 10 11 -1
1 2 3 4 7 9 10 11 -1
2 5 6 10 11 12 -1
1 3 4 9 11 -1
2 3 4 5 7 8 9 12 -1
1 2 4 5 6 7 8 11 -1
1 2 5 7 8 9 11 -1
2 5 9 -1
2 3 8 10 -1
2 4 6 8 11 12 -1
5 7 8 10 11 -1
4 7 10 11 -1
1 2 4 7 8 10 11 12 -1
2 3 4 5 8 9 12 -1
1 3 6 8 9 10 11 12 -1
1 2 4 5 7 8 9 11 -1
1 2 6 7 8 9 10 11 12 -1
3 4 5 7 9 10 -1
2 4 6 9 10 12 -1
3 6 9 10 12 -1
2 5 7 8 10 11 12 -1
1 3 5 9 10 12 -1
1 3 9 10 -1
1 2 3 5 6 8 9 11 -1
3 4 6 7 8 12 -1
1 3 5 7 8 10 -1
2 3 4 5 6 10 -1
1 2 3 4 5 6 7 11 -1
1 2 6 7 8 11 -1
2 7 8 9 11 12 -1
4 5 8 9 -1
2 3 7 10 11 -1
4 5 8 9 10 11 12 -1
1 2 3 6 7 9 11 12 -1
1 2 4 6 10 12 -1
3 6 7 8 12 -1
2 4 5 8 9 10 11 12 -1
2 4 5 7 8 9 11 12 -1
1 2 3 6 7 -1
2 4 6 7 8 -1
1 2 3 4 6 7 8 9 12 -1
6 7 8 10 11 -1
3 4 5 7 9 10 12 -1
1 2 3 5 6 10 -1
3 8 9 10 12 -1
4 5 7 8 9 11 12 -1
2 3 4 7 8 10 11 12 -1
2 5 7 8 9 11 12 -1
4 5 6 7 9 11 -1
2 3 4 5 6 10 11 -1
1 2 4 5 6 8 11 -1
3 5 7 8 10 11 -1
3 4 5 7 8 9 12 -1
1 2 6 8 10 11 12 -1
2 3 4 6 7 9 11 12 -1
1 2 3 4 5 8 9 11 12 -1
3 9 10 12 -1
2 6 7 9 11 -1
2 3 5 9 10 11 12 -1
2 3 4 5 7 -1
3 4 5 7 8 9 10 12 -1
4 5 6 9 11 -1
2 5 6 7 9 11 -1
1 2 9 11 12 -1
3 4 5 6 8 9 -1
4 9 12 -1
1 2 3 4 5 6 7 8 11 12 -1
2 4 6 7 9 -1
5 6 7 8 10 -1
1 2 4 6 10 11 12 -1
1 2 3 7 8 9 10 11 -1
4 7 10 11 12 -1
1 3 4 6 7 8 10 12 -1
1 2 5 6 7 8 10 11 -1
4 8 9 11 12 -1
1 3 5 6 7 10 11 12 -1
1 3 4 5 6 10 11 -1
2 4 6 8 10 -1
1 3 8 9 12 -1
1 2 3 4 -1
4 7 8 -1
1 6 7 8 11 12 -1
2 7 9 10 11 12 -1
1 2 3 5 6 7 10 11 -1
4 8 9 12 -1
1 2 5 7 8 9 10 11 12 -1
1 2 4 5 6 11 -1
1 5 6 -1
1 3 4 5 6 8 10 12 -1
5 6 7 9 10 11 -1
1 2 4 6 8 9 10 12 -1
2 8 9 11 12 -1
2 4 5 6 9 10 -1
3 5 7 8 10 -1
2 3 6 -1
2 9 11 -1
1 4 6 8 9 10 12 -1
1 5 6 8 12 -1
1 5 6 7 9 11 -1
1 3 4 5 6 7 8 9 10 11 12 -1
1 2 3 4 6 8 12 -1
1 2 3 4 5 6 7 8 9 10 12 -1
2 5 6 7 9 12 -1
2 3 6 7 9 10 11 12 -1
1 2 3 11 12 -1
2 5 6 10 -1
1 2 4 5 9 12 -1
2 8 9 10 11 -1
2 3 4 5 6 7 8 -1
1 2 4 7 10 11 -1
3 4 5 6 8 10 11 -1
2 3 4 5 7 8 10 -1
2 5 8 12 -1
1 2 3 9 11 12 -1
1 2 3 6 8 9 10 12 -1
1 2 5 6 10 11 -1
3 5 6 8 10 11 12 -1
2 3 5 6 7 8 10 11 -1
1 2 3 5 8 -1
1 3 5 9 10 12 -1
2 4 5 6 7 11 -1
3 4 6 7 8 10 12 -1
1 3 4 5 6 9 11 -1
1 3 5 6 9 12 -1
3 5 6 7 10 11 12 -1
1 6 7 10 11 -1
7 8 10 11 12 -1
2 5 11 -1
2 3 5 10 12 -1
5 8 9 10 12 -1
1 2 3 4 6 9 10 11 -1
3 5 6 7 8 9 -1
2 6 7 8 9 10 11 12 -1
4 6 9 10 -1
1 4 5 8 9 10 11 12 -1
2 3 6 7 8 9 10 11 12 -1
1 3 5 7 9 10 11 -1
1 4 5 8 9 -1
1 3 4 6 8 9 -1
1 2 3 6 7 9 10 11 -1
1 6 7 9 11 12 -1
4 5 6 8 11 12 -1
1 2 3 4 6 10 11 -1
3 4 6 8 10 -1
3 4 6 12 -1
3 5 7 8 12 -1
2 5 6 7 8 9 11 -1
1 2 7 9 10 -1
1 6 8 10 12 -1
2 3 5 8 10 11 -1
2 3 4 6 9 -1
1 2 9 10 12 -1
2 3 5 7 8 11 -1
2 3 9 10 12 -1
1 2 4 6 8 12 -1
1 3 4 8 10 11 12 -1
3 4 5 7 9 10 11 -1
1 4 7 8 10 11 12 -1
1 2 5 6 7 8 9 10 11 12 -1
1 3 4 6 7 8 11 12 -1
2 3 4 10 -1
1 2 6 7 10 11 -1
1 2 4 9 -1
1 2 4 8 12 -1
1 8 10 11 -1
1 3 4 6 7 8 9 10 11 -1
2 3 4 5 8 9 11 12 -1
1 3 4 5 7 8 12 -1
2 4 5 6 7 8 9 10 11 -1
2 4 6 7 8 9 11 12 -1
4 5 11 12 -1
2 3 4 -1
2 7 9 -1
4 5 9 11 -1
3 6 7 8 9 11 12 -1
5 8 9 10 -1
2 4 5 10 11 12 -1
1 2 5 9 -1
1 2 5 6 7 8 11 -1
1 2 7 9 12 -1
2 3 4 5 8 11 12 -1
1 2 3 5 9 10 -1
1 5 6 7 10 12 -1
3 6 8 10 11 -1
1 3 4 5 7 8 9 -1
1 3 4 6 7 9 11 -1
1 2 9 10 11 -1
1 2 5 7 9 11 12 -1
2 3 5 8 10 11 12 -1
1 2 3 4 5 6 7 8 9 -1
1 2 3 7 12 -1
1 2 4 7 11 12 -1
2 4 8 10 11 12 -1
1 2 3 7 8 9 11 -1
1 3 4 5 10 11 -1
2 4 9 10 12 -1
3 4 5 9 10 12 -1
3 6 7 9 -1
4 6 10 -1
3 4 5 6 7 8 -1
1 3 6 10 -1
1 9 10 -1
1 2 4 6 10 11 -1
1 3 6 8 10 -1
3 4 7 8 -1
1 2 4 9 10 11 12 -1
1 2 3 6 10 12 -1
1 2 5 6 8 10 11 12 -1
1 2 3 4 5 6 8 9 10 11 12 -1
1 5 7 8 10 11 -1
4 5 6 8 9 -1
1 2 3 5 6 9 12 -1
1 4 8 9 12 -1
1 2 3 5 6 7 9 10 11 -1
3 6 7 -1
1 3 7 9 11 -1
3 5 6 9 10 -1
1 4 5 9 11 12 -1
2 6 7 8 9 11 12 -1
3 5 8 9 10 11 -1
2 3 4 5 6 7 10 12 -1
2 6 7 9 10 11 12 -1
1 2 3 4 5 6 7 8 10 11 -1
3 6 7 9 -1
1 3 4 5 7 8 10 12 -1
3 4 5 6 8 9 10 12 -1
1 4 6 7 12 -1
3 5 10 11 -1
1 3 5 8 10 12 -1
2 3 4 5 6 11 12 -1
2 4 5 7 10 11 12 -1
5 6 10 11 -1
1 4 5 7 9 10 11 12 -1
2 3 5 6 8 9 10 -1
3 6 7 8 9 11 -1
7 10 11 12 -1
2 3 4 6 8 12 -1
1 2 4 5 9 10 12 -1
2 6 7 8 9 11 -1
3 4 6 10 -1
1 10 12 -1
1 2 8 10 12 -1
1 3 4 5 6 8 11 -1
1 4 5 7 10 11 12 -1
2 5 6 7 8 10 11 -1
1 2 3 6 8 9 10 11 12 -1
4 6 7 9 11 12 -1
1 2 6 11 12 -1
1 4 5 -1
1 2 3 4 5 8 9 11 -1
1 2 5 6 7 8 12 -1
2 5 7 8 9 11 12 -1
2 4 5 6 7 8 9 11 12 -1
2 3 5 6 8 11 -1
2 5 6 7 8 11 -1
1 2 3 4 5 6 7 8 12 -1
4 7 8 9 -1
7 9 11 -1
2 9 11 -1
1 2 7 11 -1
5 8 10 -1
4 5 9 11 12 -1
1 2 3 4 6 9 10 11 12 -1
2 5 6 8 9 10 11 -1
1 2 3 4 5 7 10 -1
2 3 4 7 8 10 12 -1
2 3 7 11 -1
1 4 5 6 10 11 12 -1
3 6 8 10 -1
2 5 9 10 12 -1
3 4 5 6 7 8 -1
1 5 8 10 12 -1
4 5 -1
1 3 4 5 10 -1
1 2 4 5 7 8 9 10 11 12 -1
1 4 7 8 9 10 11 -1
2 3 7 9 10 12 -1
2 4 5 -1
1 9 10 11 -1
1 3 4 5 6 8 9 10 -1
1 2 3 4 5 8 9 10 11 -1
1 4 6 10 12 -1
3 7 8 9 10 11 12 -1
3 4 5 6 7 8 9 11 -1
1 2 3 4 5 6 7 8 10 -1
1 3 4 5 6 7 8 9 12 -1
1 3 4 10 12 -1
3 5 6 9 11 12 -1
1 2 5 6 10 -1
1 3 5 6 7 9 -1
2 3 5 9 11 12 -1
2 7 9 11 12 -1
1 3 5 6 7 9 11 -1
1 2 3 4 11 12 -1
1 3 4 8 9 10 12 -1
1 2 3 5 6 8 12 -1
3 4 5 8 9 12 -1
1 2 6 7 9 10 -1
2 4 5 9 11 12 -1
1 2 5 6 7 9 11 12 -1
2 3 4 5 9 11 -1
3 5 7 9 11 12 -1
1 2 4 11 12 -1
1 6 7 8 11 12 -1
1 4 5 6 10 -1
5 11 -1
2 5 6 12 -1
1 2 4 7 8 9 11 -1
2 3 7 9 10 11 12 -1
1 2 4 7 8 9 10 11 -1
3 4 6 8 9 10 11 12 -1
2 3 5 6 10 11 -1
2 4 6 12 -1
1 4 8 9 11 -1
3 5 6 7 8 11 12 -1
3 7 11 12 -1
7 8 11 12 -1
1 2 7 10 -1
1 7 8 11 12 -1
2 5 7 8 11 -1
1 3 4 5 6 8 10 11 -1
1 2 3 5 6 8 11 -1
1 2 4 8 10 -1
1 2 3 4 6 7 10 12 -1
1 4 5 6 9 12 -1
2 4 6 7 10 11 -1
2 4 5 6 9 11 12 -1
3 4 7 8 9 10 -1
1 4 8 10 12 -1
3 5 6 7 8 9 10 11 -1
1 3 6 7 8 9 11 -1
3 4 5 6 9 10 12 -1
1 2 3 7 9 11 -1
1 4 6 7 8 12 -1
2 3 5 6 7 9 11 -1
1 4 7 12 -1
3 5 7 8 9 10 11 -1
1 5 7 11 12 -1
2 3 4 5 7 8 11 12 -1
2 4 6 7 8 12 -1
1 4 5 6 7 8 9 10 11 12 -1
1 4 8 12 -1
4 5 6 9 -1
2 6 7 8 11 -1
1 2 3 4 9 10 -1
2 3 7 11 -1
6 7 8 9 10 11 12 -1
1 2 4 8 9 10 11 12 -1
2 5 7 8 10 12 -1
1 2 4 6 9 10 11 -1
1 3 4 5 6 7 -1
2 3 4 5 6 9 10 11 12 -1
1 5 8 10 11 -1
1 4 5 7 9 10 11 12 -1
1 2 3 5 6 12 -1
1 2 4 5 7 -1
1 4 5 6 9 11 -1
1 2 4 6 7 8 9 12 -1
3 4 5 7 11 -1
1 2 4 5 7 8 9 11 -1
2 3 5 7 9 10 11 -1
1 2 3 5 8 10 12 -1
1 3 4 7 8 11 12 -1
1 5 7 8 9 11 12 -1
1 2 4 6 7 8 9 -1
1 3 4 5 6 7 9 11 12 -1
2 4 5 7 8 9 10 -1
2 6 9 10 11 -1
2 5 7 8 9 11 12 -1
6 8 11 12 -1
1 2 3 5 6 10 -1
4 5 7 8 9 10 11 12 -1
1 4 6 7 9 -1
1 2 3 5 6 7 10 11 12 -1
1 2 3 5 6 9 -1
2 5 6 8 9 10 11 12 -1
1 3 6 7 8 10 -1
5 7 9 12 -1
1 2 4 5 7 8 11 12 -1
2 3 4 6 7 8 10 -1
1 2 3 4 5 6 8 9 -1
2 3 4 6 8 10 12 -1
1 2 9 10 11 -1
1 3 4 7 8 10 12 -1
4 8 9 11 -1
1 3 5 6 7 8 9 10 -1
3 6 7 10 -1
5 6 7 9 11 12 -1
2 3 5 6 8 9 10 -1
1 3 4 5 6 9 12 -1
1 2 3 4 7 8 11 12 -1
1 2 4 8 10 11 -1
2 3 5 6 7 8 9 11 -1
1 3 4 7 9 10 -1
4 6 9 -1
1 2 4 6 7 11 12 -1
1 6 7 8 9 10 11 -1
1 8 10 11 12 -1
2 3 5 6 8 9 -1
1 2 4 6 7 8 9 10 12 -1
3 4 5 9 10 11 12 -1
2 3 5 6 7 10 11 12 -1
1 2 3 6 8 10 -1
8 9 10 11 12 -1
4 8 9 10 -1
1 3 4 6 7 11 12 -1
2 6 7 8 12 -1
3 4 6 7 9 10 11 -1
1 2 3 4 7 10 11 -1
1 2 3 5 7 8 11 12 -1
1 2 3 4 5 6 10 -1
2 3 7 8 9 10 11 12 -1
1 2 3 5 7 8 10 11 12 -1
2 3 5 6 7 8 10 11 12 -1
1 3 4 5 8 10 11 -1
5 6 9 10 11 12 -1
1 5 7 8 9 11 12 -1
1 2 5 8 -1
2 3 7 9 -1
1 5 6 8 9 10 11 -1
1 2 6 12 -1
3 4 8 9 -1
2 3 4 6 8 9 10 11 12 -1
4 6 9 -1
4 5 9 10 -1
1 3 5 9 11 12 -1
6 -1
1 4 7 8 9 10 12 -1
3 4 5 6 7 8 9 11 12 -1
1 4 5 7 8 9 12 -1
1 3 6 7 10 12 -1
2 4 7 8 9 10 11 -1
1 2 3 4 8 9 11 12 -1
1 2 3 4 6 9 10 12 -1
3 4 5 6 7 8 9 10 12 -1
2 4 5 9 12 -1
2 5 6 8 9 10 12 -1
1 10 11 12 -1
1 4 5 7 8 10 12 -1
1 4 6 8 -1
1 4 5 8 12 -1
1 2 3 4 5 6 9 10 11 12 -1
1 3 4 6 11 -1
3 4 5 7 9 -1
2 3 4 6 7 9 11 -1
2 6 8 12 -1
2 3 9 -1
2 6 8 9 11 -1
3 5 6 7 9 10 12 -1
1 2 3 4 5 6 7 9 10 -1
1 3 5 6 8 10 12 -1
1 2 3 5 6 7 8 9 10 -1
1 2 3 4 6 7 8 9 10 -1
2 4 5 7 10 11 -1
1 2 3 7 9 -1
1 4 5 10 12 -1
1 2 3 8 9 11 -1
3 4 6 9 12 -1
1 4 5 8 9 11 12 -1
1 4 10 12 -1
1 2 4 5 8 9 11 -1
5 7 -1
3 4 7 9 10 11 12 -1
3 4 8 11 12 -1
2 7 9 10 12 -1
1 2 3 4 5 6 8 9 10 -1
3 4 6 8 9 10 12 -1
1 4 5 6 8 9 -1
1 2 3 5 8 11 12 -1
3 5 6 8 9 10 12 -1
2 3 4 5 7 8 9 10 11 12 -1
1 3 5 10 11 -1
2 3 8 9 10 12 -1
1 4 5 7 9 11 12 -1
2 4 6 7 8 9 10 12 -1
1 6 7 9 -1
2 3 5 7 10 11 -1
2 4 7 8 12 -1
1 3 6 7 8 11 -1
1 4 8 9 12 -1
3 4 6 8 12 -1
2 4 7 9 11 12 -1
6 7 8 9 10 12 -1
1 2 3 4 11 -1
1 2 7 12 -1
1 4 7 8 -1
1 4 5 -1
1 3 4 5 9 10 11 12 -1
1 5 8 9 10 12 -1
3 4 5 9 10 -1
2 3 7 9 12 -1
1 2 7 9 10 12 -1
4 8 10 11 12 -1
3 4 5 7 9 10 12 -1
4 7 8 9 10 11 12 -1
2 5 6 7 8 10 11 12 -1
1 3 5 9 -1
1 2 3 7 11 12 -1
1 2 3 7 9 10 12 -1
3 4 5 6 9 10 12 -1
4 7 8 9 -1
1 2 4 9 -1
4 6 7 8 9 12 -1
3 5 6 9 -1
2 3 6 12 -1
1 4 6 8 9 11 -1
2 3 4 5 6 7 9 12 -1
2 4 8 9 10 -1
2 3 11 -1
2 3 4 5 9 10 12 -1
1 3 4 7 9 10 11 12 -1
1 2 6 10 11 -1
1 4 5 6 8 9 10 -1
1 4 5 6 7 8 9 10 11 12 -1
1 3 4 6 8 9 10 -1
2 4 7 12 -1
2 5 -1
1 4 5 6 8 11 12 -1
2 4 7 8 11 -1
4 6 7 9 11 -1
1 2 5 6 9 10 11 12 -1
5 7 8 12 -1
1 3 5 6 7 8 -1
1 3 4 9 10 11 -1
1 6 7 8 9 10 -1
3 4 6 7 11 -1
1 3 4 5 8 11 12 -1
1 4 5 6 9 11 12 -1
5 6 7 8 12 -1
1 5 7 9 -1
1 4 7 10 11 -1
1 2 3 4 6 7 8 11 12 -1
2 4 5 8 10 12 -1
1 3 6 8 10 11 -1
1 3 6 8 -1
1 3 7 8 9 11 12 -1
1 2 3 5 8 9 11 12 -1
1 3 6 -1
1 2 3 6 9 10 -1
1 5 10 11 12 -1
1 3 4 5 9 11 -1
1 2 6 7 9 10 12 -1
1 2 3 5 6 7 9 -1
2 3 5 8 10 -1
2 5 6 7 8 9 10 11 -1
5 6 7 12 -1
1 2 3 4 6 10 -1
1 3 5 8 10 12 -1
1 2 4 7 9 -1
1 3 6 8 9 10 12 -1
3 6 8 12 -1
1 3 4 6 7 12 -1
2 6 7 8 11 -1
4 5 6 9 11 -1
2 6 7 11 12 -1
1 2 4 11 -1
1 4 5 7 8 10 11 -1
1 2 3 4 7 8 10 11 -1
1 2 3 7 9 11 -1
3 4 6 7 8 9 10 12 -1
2 3 5 8 10 12 -1
2 3 5 11 -1
3 4 9 10 -1
2 7 8 9 10 11 -1
1 4 5 6 8 10 -1
2 4 6 11 -1
4 5 8 11 -1
2 3 5 7 8 9 12 -1
1 2 3 4 6 -1
2 3 4 5 7 9 10 -1
1 6 7 8 10 11 -1
2 3 4 7 8 9 11 12 -1
3 5 7 8 10 11 12 -1
2 5 7 9 10 11 -1
1 3 4 6 8 9 10 11 12 -1
5 7 9 -1
1 3 4 7 8 10 11 12 -1
2 5 8 9 10 -1
1 4 5 6 10 -1
1 2 5 6 9 -1
1 6 7 8 9 12 -1
2 7 10 11 12 -1
2 3 8 10 11 12 -1
5 6 8 11 12 -1
1 4 6 7 8 11 -1
3 4 5 6 10 11 12 -1
1 5 7 9 10 11 12 -1
4 5 7 10 11 -1
3 4 5 7 10 12 -1
4 5 9 10 -1
1 2 4 5 10 11 12 -1
9 12 -1
1 2 3 7 9 10 12 -1
3 5 6 9 -1
1 2 3 6 7 8 9 10 11 12 -1
1 2 4 8 9 10 11 -1
2 6 7 9 12 -1
3 5 6 7 8 12 -1
2 4 5 8 9 10 -1
1 2 6 8 9 11 12 -1
1 2 5 6 7 11 -1
3 5 10 11 12 -1
1 4 8 9 10 11 12 -1
1 2 3 5 6 8 9 11 12 -1
5 6 7 8 -1
8 9 11 12 -1
1 2 4 5 10 11 -1
1 2 3 4 5 6 7 10 11 -1
1 4 6 9 10 11 12 -1
1 3 5 9 11 12 -1
2 3 6 7 9 10 12 -1
1 3 4 5 6 8 9 10 11 -1
3 4 7 8 9 10 -1
2 3 5 6 8 10 12 -1
1 3 7 9 -1
2 3 6 7 8 9 11 -1
1 2 3 4 5 7 11 12 -1
1 5 12 -1
1 2 3 6 7 8 11 -1
2 3 4 5 8 9 -1
1 2 3 5 6 9 10 11 12 -1
3 4 5 6 7 10 11 -1
1 3 4 5 9 10 11 -1
1 2 3 4 5 6 7 9 11 12 -1
2 3 6 9 -1
3 6 7 9 10 11 -1
5 6 7 8 9 10 12 -1
5 7 9 12 -1
3 4 5 6 7 9 12 -1
4 5 7 9 10 12 -1
1 2 3 9 10 -1
2 6 7 11 -1
1 6 8 10 12 -1
4 5 9 10 -1
1 4 6 7 11 -1
2 5 8 11 -1
6 8 11 12 -1
3 4 5 8 9 12 -1
3 4 5 6 7 8 9 12 -1
2 3 4 5 9 11 -1
6 7 8 12 -1
1 3 4 5 6 7 9 11 -1
3 4 6 9 11 12 -1
1 2 3 4 6 7 11 12 -1
4 5 6 8 9 12 -1
1 5 8 9 10 12 -1
1 3 4 5 6 7 8 10 11 12 -1
1 4 6 8 9 10 12 -1
1 2 5 6 9 10 -1
7 8 12 -1
1 2 3 4 6 9 11 -1
2 6 7 8 9 10 12 -1
4 6 10 11 12 -1
1 2 6 7 10 12 -1
3 5 6 7 11 12 -1
1 3 9 11 -1
3 8 10 11 -1
1 2 4 5 8 9 -1
5 8 11 -1
5 6 10 -1
1 2 3 4 5 6 7 8 12 -1
2 4 5 8 -1
1 6 8 11 12 -1
3 6 8 -1
1 3 5 6 8 10 11 -1
4 5 6 7 8 12 -1
4 6 7 9 10 12 -1
4 5 6 7 11 12 -1
1 3 5 6 7 8 9 10 11 -1
2 8 9 12 -1
3 6 9 10 12 -1
2 3 4 5 7 9 11 -1
1 2 3 5 7 8 10 12 -1
3 8 9 10 11 -1
3 5 9 11 12 -1
4 6 8 -1
4 5 6 10 12 -1
2 3 4 5 9 10 11 -1
1 2 3 4 5 6 8 11 12 -1
7 10 12 -1
2 3 5 6 7 -1
2 5 6 -1
1 4 6 7 8 10 11 12 -1
4 5 7 8 9 10 12 -1
1 3 4 5 6 7 8 -1
1 3 6 7 10 11 12 -1
1 2 3 4 6 10 11 -1
1 2 3 4 8 10 11 12 -1
2 3 6 9 10 11 12 -1
1 6 8 9 10 11 12 -1
2 4 5 -1
1 2 3 5 6 9 10 11 -1
2 5 6 7 8 9 11 -1
2 3 5 6 7 8 9 10 -1
1 2 4 6 7 8 9 10 11 12 -1
1 3 7 8 9 12 -1
3 4 7 8 9 -1
2 3 6 7 12 -1
1 4 5 6 11 -1
2 3 7 8 9 10 11 -1
2 5 6 7 8 12 -1
2 3 5 6 7 9 11 12 -1
3 5 7 8 9 12 -1
1 4 6 7 10 11 -1
1 5 6 10 11 12 -1
3 6 7 9 -1
2 3 5 7 9 10 -1
1 4 6 7 -1
5 7 8 12 -1
1 2 3 5 6 8 10 11 12 -1
1 4 5 6 9 10 12 -1
1 6 7 8 -1
2 3 4 5 7 9 10 -1
3 5 6 7 8 10 11 -1
1 4 5 7 12 -1
1 2 3 7 8 11 -1
6 7 8 10 12 -1
4 5 9 11 -1
3 4 7 9 10 11 12 -1
1 4 5 6 7 9 11 12 -1
6 7 9 11 -1
1 2 5 7 -1
1 4 11 12 -1
3 4 5 6 8 9 -1
1 2 3 4 7 8 11 12 -1
1 2 4 6 8 -1
3 4 5 6 9 12 -1
2 3 4 8 11 12 -1
6 9 11 12 -1
1 4 10 -1
3 5 8 12 -1
1 2 4 5 7 8 10 -1
2 3 4 5 6 7 8 10 12 -1
1 3 5 6 9 -1
2 4 5 7 10 11 12 -1
1 3 4 5 6 7 8 12 -1
4 5 6 11 -1
1 2 4 5 7 9 11 12 -1
1 2 3 5 6 -1
1 5 7 12 -1
2 4 5 8 9 -1
1 3 5 6 8 10 11 12 -1
1 2 5 8 11 -1
4 9 10 -1
1 4 9 10 -1
5 6 7 8 9 10 11 -1
2 4 5 9 10 12 -1
1 2 3 7 9 10 11 -1
3 -1
1 2 3 6 8 -1
2 6 8 10 -1
2 3 4 7 8 -1
1 2 5 6 10 12 -1
1 3 6 8 -1
2 7 8 9 12 -1
1 3 9 10 12 -1
1 3 5 6 7 8 9 10 12 -1
2 3 5 6 7 8 10 11 -1
4 5 7 8 9 11 -1
4 11 -1
1 3 4 6 9 10 12 -1
2 5 8 10 11 12 -1
1 6 8 10 11 -1
1 3 5 6 7 8 11 -1
5 6 8 9 11 12 -1
2 3 5 6 9 10 11 12 -1
1 4 7 8 9 10 11 -1
1 6 8 9 11 12 -1
2 5 6 7 12 -1
1 7 8 10 12 -1
1 2 4 6 9 12 -1
1 6 7 8 9 -1
2 3 4 7 10 11 -1
1 2 3 4 6 7 -1
1 4 6 7 8 10 -1
2 3 5 8 9 10 12 -1
1 3 4 10 11 -1
2 3 4 5 8 9 10 11 -1
1 6 8 9 11 -1
7 9 10 11 12 -1
1 2 4 -1
1 2 5 6 8 10 -1
1 3 4 5 8 10 12 -1
1 3 4 5 11 12 -1
3 5 7 8 11 -1
1 3 5 7 8 9 10 11 -1
2 3 8 9 12 -1
2 3 5 7 9 11 12 -1
1 2 6 7 8 9 12 -1
1 3 6 7 8 -1
1 2 3 7 8 9 -1
2 3 4 7 8 9 10 -1
2 3 6 8 9 11 12 -1
2 3 4 8 11 -1
4 5 7 10 -1
1 2 3 5 6 9 -1
3 4 7 8 9 12 -1
1 3 8 -1
2 5 9 11 -1
2 3 5 7 8 11 12 -1
1 3 4 6 7 8 10 11 -1
6 8 10 11 -1
1 3 5 6 7 9 11 -1
2 3 4 5 6 7 8 9 -1
3 5 7 8 9 11 -1
2 3 4 5 6 7 12 -1
3 4 6 7 9 10 11 12 -1
4 5 8 9 10 12 -1
1 3 4 5 8 -1
1 3 4 10 -1
1 3 7 8 10 12 -1
1 2 4 5 6 8 10 -1
4 7 8 9 10 11 12 -1
1 2 3 4 7 11 12 -1
1 3 4 5 6 7 11 -1
2 3 4 6 7 8 9 11 -1
1 4 10 11 -1
1 2 4 5 8 9 11 12 -1
2 3 4 5 7 8 9 -1
2 4 5 9 10 -1
1 5 8 9 10 12 -1
4 7 8 9 11 -1
2 3 4 6 8 10 12 -1
2 4 5 6 7 8 12 -1
7 8 9 10 12 -1
2 3 9 -1
3 7 8 9 -1
2 3 4 7 8 9 -1
3 4 6 9 11 -1
3 6 9 10 12 -1
1 2 3 4 5 6 7 9 -1
3 4 7 8 10 11 -1
3 4 6 7 11 -1
1 4 5 6 7 8 9 11 -1
2 4 7 10 -1
2 3 4 9 11 -1
1 2 3 4 6 11 -1
2 3 4 5 6 9 10 11 12 -1
1 2 4 6 7 9 10 12 -1
4 5 7 8 9 12 -1
1 2 3 4 11 12 -1
2 5 7 9 11 -1
5 6 7 8 12 -1
1 2 3 6 7 8 9 11 -1
1 2 5 7 8 10 11 -1
3 4 5 6 9 12 -1
1 6 7 8 10 -1
2 3 5 6 7 8 11 12 -1
2 4 6 7 8 9 10 -1
1 2 4 5 6 8 10 12 -1
2 3 4 6 8 10 12 -1
5 6 9 10 -1
4 6 8 12 -1
1 2 6 7 9 11 -1
3 4 5 7 11 12 -1
1 5 7 9 11 -1
1 2 3 4 10 11 -1
2 5 7 12 -1
6 9 11 12 -1
3 4 7 9 10 11 12 -1
1 2 3 5 7 12 -1
2 4 5 11 -1
3 7 9 10 12 -1
1 3 12 -1
2 5 6 7 12 -1
1 4 6 8 9 -1
3 9 10 11 -1
1 4 5 6 7 10 -1
3 7 8 10 -1
1 3 5 9 10 12 -1
8 9 11 12 -1
2 3 4 6 7 10 -1
2 3 6 7 8 10 -1
2 3 4 5 6 7 11 12 -1
2 3 5 8 9 10 11 -1
1 2 3 4 5 6 8 10 11 -1
1 3 6 7 9 10 11 -1
1 2 4 7 8 9 10 11 12 -1
1 2 5 6 12 -1
3 4 6 8 10 11 12 -1
1 3 4 5 11 12 -1
7 9 10 12 -1
1 2 3 4 7 8 9 12 -1
2 4 6 9 11 12 -1
1 2 4 5 6 7 10 11 -1
4 5 6 7 10 11 -1
2 3 11 12 -1
3 6 7 10 11 12 -1
4 6 7 8 9 11 12 -1
1 2 4 5 6 -1
2 5 9 11 12 -1
4 5 6 7 10 -1
2 3 4 5 6 7 9 11 12 -1
1 2 3 9 10 -1
2 4 5 9 10 11 12 -1
1 2 3 4 5 8 10 11 12 -1
4 5 7 12 -1
1 3 10 11 -1
3 4 11 -1
1 2 4 5 7 8 9 -1
1 4 7 8 -1
1 3 5 6 -1
2 3 5 6 8 10 -1
1 2 7 8 9 -1
1 3 6 8 9 11 12 -1
2 7 10 12 -1
2 3 4 6 8 9 10 11 -1
1 3 4 6 9 11 -1
1 6 7 9 10 11 12 -1
3 4 5 6 7 8 9 10 11 -1
2 3 4 7 9 12 -1
